1,0|16,29,23,2,4|345.79
2,0|4|116.590004
2,1|23,29,16|229.19998
3,0|49,2,4|302.89
3,1|22,16|186.48001
3,2|49|186.3
4,1|2,23,29,16|268.81
4,3|2,49|225.91
5,0|15,1,16,29,23,2,4|518.68
5,1|15|172.89
5,2|15,1,16,29,23|402.09
5,3|33,11,48,6|341.49
5,4|15,1,16,29,23,2|441.7
6,0|3,49,2,4|401.52
6,1|3,22,16|285.11
6,2|3,49|284.93
6,4|3,49,2|324.53998
6,5|48,11,33|242.86
7,0|29,23,2,4|318.16
7,2|29,23|201.57
7,3|22|163.42
7,4|29,23,2|241.18001
7,5|1,15|203.28
7,6|22,3|262.05
8,1|4,2,23,29,16|334.59
8,2|4|105.39
8,3|4,2,49|291.69
8,5|4,2,23,29,16,1,15|507.47998
8,6|4,2,49,3|390.32
8,7|4,2,23,29|306.96002
9,0|44,29,23,2,4|400.30002
9,1|44|178.14
9,2|44,29,23|283.71002
9,3|44,29,22|291.81
9,4|44,29,23,2|323.32
9,5|44,1,15|351.03
9,6|44,29,22,3|390.44
9,7|44|150.47
9,8|44,29,23,2,4|389.1
10,0|19,44,29,23,2,4|457.91
10,1|46|149.72
10,2|19,44,29,23|341.31998
10,3|46,7,22|315.32
10,4|19,44,29,23,2|380.93
10,5|46,1,15|322.61
10,6|46,7,22,3|413.95
10,7|46|151.9
10,8|19,44,29,23,2,4|446.71
10,9|19,12|179.41
11,0|48,6,3,49,2,4|505.96
11,1|33,5,15|311.31
11,2|48,6,3,49|389.37
11,3|48,6|203.07
11,4|48,6,3,49,2|428.97998
11,5|33|138.42
11,6|48|104.44
11,7|33,5,15,1|341.7
11,8|48,6,3,49,2,4|494.75998
11,9|33,5,15,1,44|489.45
11,10|33,5,15,1,46|461.03
12,0|44,29,23,2,4|362.42
12,1|44|140.26
12,2|44,29,23|245.83002
12,3|44,29,22|253.93001
12,4|44,29,23,2|285.44
12,5|44,1,15|313.15
12,6|44,29,22,3|352.56
12,7|44|112.59
12,8|44,29,23,2,4|351.22
12,10|19|118.06
12,11|44,1,15,5,33|451.57
13,0|17,18,47|279.59
13,1|17,18,37,2,23,29,16|478.63998
13,2|17,18,37|249.44
13,3|17,18,37,2,49|435.74
13,4|17,18|219.64
13,5|17,18,37,2,23,29,16,1,15|651.53
13,6|17,18,37,2,49,3|534.37
13,7|17,18,37,2,23,29|451.00998
13,8|17,18|202.62
13,9|17,18,37,2,23,29,44|533.15
13,10|17,18,37,2,23,29,44,19|590.76
13,11|17,18,37,2,49,3,6,48|638.81
13,12|17,18,37,2,23,29,44|495.27
14,0|12,44,29,23,2,4|440.91
14,1|19,46|198.62
14,2|12,44,29,23|324.32
14,3|12,44,29,22|332.41998
14,4|12,44,29,23,2|363.93
14,5|19,46,1,15|371.50998
14,6|12,44,29,22,3|431.05
14,7|12,44|191.08
14,8|12,44,29,23,2,4|429.71
14,10|42|117.63
14,11|19,46,1,15,5,33|509.93
14,13|12,44,29,23,2,37,18,17|573.76
15,0|1,16,29,23,2,4|440.47
15,2|1,16,29,23|323.88
15,3|1,16,22|281.16
15,4|1,16,29,23,2|363.49
15,6|5,33,11,48|321.06998
15,7|1|125.07
15,8|1,16,29,23,2,4|429.27
15,9|1,44|272.82
15,10|1,46|244.4
15,11|5,33|216.62999
15,12|1,44|234.94
15,13|1,16,29,23,2,37,18,17|573.32
15,14|1,46,19|293.3
16,0|29,23,2,4|306.86
16,2|29,23|190.26999
16,3|22|147.55
16,4|29,23,2|229.87999
16,5|1,15|211.82
16,6|22,3|246.18
16,8|29,23,2,4|295.65997
16,9|44|154.95
16,10|46|167.76999
16,11|1,15,5,33|350.24
16,12|44|117.06999
16,13|29,23,2,37,18,17|439.70996
16,14|44,12|195.56
16,15|1|133.61
17,0|18,47|203.38
17,1|18,37,2,23,29,16|402.43
17,2|18,37|173.23
17,3|18,37,2,49|359.52997
17,4|18|143.43
17,5|18,37,2,23,29,16,1,15|575.32
17,6|18,37,2,49,3|458.15997
17,7|18,37,2,23,29|374.8
17,8|18|126.409996
17,9|18,37,2,23,29,44|456.94
17,10|18,37,2,23,29,44,19|514.55
17,11|18,37,2,49,3,6,48|562.6
17,12|18,37,2,23,29,44|419.06
17,14|18,37,2,23,29,44,12|497.55
17,15|18,37,2,23,29,16,1|497.11
17,16|18,37,2,23,29|363.5
18,0|47|115.11
18,1|37,2,23,29,16|314.16
18,2|37|84.96
18,3|37,2,49|271.26
18,5|37,2,23,29,16,1,15|487.05
18,6|37,2,49,3|369.89
18,7|37,2,23,29|286.53
18,9|37,2,23,29,44|368.67
18,10|37,2,23,29,44,19|426.28
18,11|37,2,49,3,6,48|474.33002
18,12|37,2,23,29,44|330.79
18,13|17|164.48
18,14|37,2,23,29,44,12|409.28
18,15|37,2,23,29,16,1|408.84
18,16|37,2,23,29|275.23
19,0|44,29,23,2,4|390.42
19,1|46|123.200005
19,2|44,29,23|273.83002
19,3|44,29,22|281.93
19,4|44,29,23,2|313.44
19,5|46,1,15|296.09
19,6|44,29,22,3|380.56
19,7|46|125.380005
19,8|44,29,23,2,4|379.22
19,9|12|111.92
19,11|46,1,15,5,33|434.51
19,13|44,29,23,2,37,18,17|523.27
19,15|46,1|217.88
19,16|46|141.25
19,17|44,29,23,2,37,18|447.06003
19,18|44,29,23,2,37|358.79004
20,0|4|136.53
20,1|23,29,16|210.68
20,3|49|175.29001
20,5|23,29,16,1,15|383.56998
20,6|49,3|273.92
20,7|23,29|183.05
20,8|4|125.33
20,9|23,29,44|265.19
20,10|23,29,44,19|322.8
20,11|49,3,6,48|378.36
20,12|23,29,44|227.31
20,13|37,18,17|272.66998
20,14|23,29,44,12|305.8
20,15|23,29,16,1|305.36
20,16|23,29|171.75
20,17|37,18|196.45999
20,18|37|108.189995
20,19|23,29,44|255.31
21,0|17,18,47|263.01
21,1|17,18,37,2,23,29,16|462.05997
21,2|17,18,37|232.85999
21,3|17,18,37,2,49|419.15997
21,4|17,18|203.06
21,5|17,18,37,2,23,29,16,1,15|634.95
21,6|17,18,37,2,49,3|517.79
21,7|17,18,37,2,23,29|434.42996
21,8|17,18|186.04
21,9|17,18,37,2,23,29,44|516.56995
21,10|17,18,37,2,23,29,44,19|574.18
21,11|17,18,37,2,49,3,6,48|622.23
21,12|17,18,37,2,23,29,44|478.68997
21,13|17|135.84
21,14|17,18,37,2,23,29,44,12|557.18
21,15|17,18,37,2,23,29,16,1|556.74
21,16|17,18,37,2,23,29|423.12997
21,18|17|147.9
21,19|17,18,37,2,23,29,44|506.68997
21,20|17,18,37|256.09
22,0|49,2,4|260.97
22,1|16|122.62
22,2|49|144.38
22,4|49,2|183.99
22,5|16,1,15|295.51
22,6|3|162.48999
22,8|49,2,4|249.77
22,9|29,44|227.95001
22,10|16,46|251.45999
22,11|3,6,48|266.93
22,12|29,44|190.07
22,13|49,2,37,18,17|393.82
22,14|29,44,12|268.56
22,15|16,1|217.3
22,17|49,2,37,18|317.61002
22,18|49,2,37|229.34001
22,19|29,44|218.07
22,20|49|133.37
22,21|49,2,37,18,17|377.24002
23,0|2,4|186.05
23,1|29,16|159.73999
23,3|49|134.20999
23,4|2|109.07
23,5|29,16,1,15|332.62997
23,6|49,3|232.84
23,7|29|132.11
23,8|2,4|174.85
23,9|29,44|214.25
23,10|29,44,19|271.86
23,11|49,3,6,48|337.28
23,12|29,44|176.37
23,13|2,37,18,17|318.9
23,14|29,44,12|254.85999
23,15|29,16,1|254.41998
23,16|29|120.81
23,17|2,37,18|242.69
23,18|2,37|154.42
23,19|29,44|204.37
23,21|2,37,18,17|302.32
24,0|17,18,47|287.28
24,1|17,18,37,2,23,29,16|486.33
24,2|17,18,37|257.13
24,3|17,18,37,2,49|443.43
24,4|17,18|227.33
24,5|17,18,37,2,23,29,16,1,15|659.22003
24,6|17,18,37,2,49,3|542.06
24,7|17,18,37,2,23,29|458.69998
24,8|17,18|210.31
24,9|17,18,37,2,23,29,44|540.83997
24,10|17,18,37,2,23,29,44,19|598.45
24,11|17,18,37,2,49,3,6,48|646.5
24,12|17,18,37,2,23,29,44|502.96
24,14|17,18,37,2,23,29,44,12|581.45
24,15|17,18,37,2,23,29,16,1|581.01
24,16|17,18,37,2,23,29|447.4
24,18|17|172.17
24,19|17,18,37,2,23,29,44|530.96
24,20|17,18,37|280.36
24,21|17|143.53
24,22|17,18,37,2,49|401.51
24,23|17,18,37,2|326.59
25,0|10,19,44,29,23,2,4|546.1
25,1|10,46|237.91
25,2|10,19,44,29,23|429.50998
25,3|10,46,7,22|403.51
25,4|10,19,44,29,23,2|469.12
25,5|10,46,1,15|410.8
25,6|10,46,7,22,3|502.14
25,7|10,46|240.09
25,8|10,19,44,29,23,2,4|534.9
25,9|10,19,12|267.6
25,11|10,46,1,15,5,33|549.22
25,12|10,19|206.25
25,13|10,19,44,29,23,2,37,18,17|678.95
25,14|10,42|205.82
25,15|10,46,1|332.59
25,16|10,46|255.95999
25,17|10,19,44,29,23,2,37,18|602.74
25,18|10,19,44,29,23,2,37|514.47
25,19|10|155.68
25,20|10,19,44,29,23|410.99
25,21|10,19,44,29,23,2,37,18,17|662.37
25,22|10,46,7|339.65
25,23|10,19,44,29|360.05
25,24|10,19,44,29,23,2,37,18,17|686.64
26,0|27|101.32
26,1|4,2,23,29,16|353.13998
26,2|4|123.94
26,3|4,2,49|310.24
26,5|4,2,23,29,16,1,15|526.02997
26,6|4,2,49,3|408.87
26,7|4,2,23,29|325.51
26,9|4,2,23,29,44|407.65
26,10|4,2,23,29,44,19|465.25998
26,11|4,2,49,3,6,48|513.31
26,12|4,2,23,29,44|369.77
26,13|18,17|210.66998
26,14|4,2,23,29,44,12|448.25998
26,15|4,2,23,29,16,1|447.81998
26,16|4,2,23,29|314.21
26,17|18|134.45999
26,19|4,2,23,29,44|397.77
26,20|4|143.88
26,21|18,17|194.09
26,22|4,2,49|268.32
26,23|4,2|193.4
26,24|18,17|218.35999
26,25|4,2,23,29,44,19,10|553.44995
27,1|4,2,23,29,16|338.36
27,2|4|109.16
27,3|4,2,49|295.46002
27,5|4,2,23,29,16,1,15|511.24997
27,6|4,2,49,3|394.09003
27,7|4,2,23,29|310.73
27,9|4,2,23,29,44|392.87
27,10|4,2,23,29,44,19|450.47998
27,11|4,2,49,3,6,48|498.53003
27,12|4,2,23,29,44|354.99
27,13|18,17|238.91
27,14|4,2,23,29,44,12|433.47998
27,15|4,2,23,29,16,1|433.03998
27,16|4,2,23,29|299.43
27,17|18|162.7
27,19|4,2,23,29,44|382.99
27,20|4|129.1
27,21|18,17|222.33
27,22|4,2,49|253.54001
27,23|4,2|178.62
27,24|18,17|246.6
27,25|4,2,23,29,44,19,10|538.67
28,0|32,46,7,29,23,2,4|526.77997
28,1|32,46|206.44
28,2|32,46,7,29,23|410.18997
28,3|32,46,7,22|372.03998
28,4|32,46,7,29,23,2|449.8
28,5|32,46,1,15|379.33
28,6|32,46,7,22,3|470.66998
28,7|32,46|208.62
28,8|32,46,7,29,23,2,4|515.57996
28,9|32,19,12|273.83002
28,10|32|124.85
28,11|32,46,1,15,5,33|517.75
28,12|32,19|212.48001
28,13|32,46,7,29,23,2,37,18,17|659.63
28,14|32,42|220.98999
28,15|32,46,1|301.12
28,16|32,46|224.48999
28,17|32,46,7,29,23,2,37,18|583.42
28,18|32,46,7,29,23,2,37|495.14996
28,19|32|161.91
28,20|32,46,7,29,23|391.66998
28,21|32,46,7,29,23,2,37,18,17|643.05
28,22|32,46,7|308.18
28,23|32,46,7,29|340.72998
28,24|32,46,7,29,23,2,37,18,17|667.32
28,25|32,10|213.04001
28,26|32,46,7,29,23,2,4|534.13
28,27|32,46,7,29,23,2,4|519.35
29,0|23,2,4|241.29001
29,1|16|104.5
29,2|23|124.7
29,3|22|132.8
29,4|23,2|164.31
29,5|16,1,15|277.38998
29,6|22,3|231.43
29,8|23,2,4|230.09
29,9|44|159.01001
29,10|44,19|216.62
29,11|22,3,6,48|335.87
29,12|44|121.130005
29,13|23,2,37,18,17|374.13998
29,14|44,12|199.62
29,15|16,1|199.18
29,17|23,2,37,18|297.93
29,18|23,2,37|209.65999
29,19|44|149.13
29,20|23|106.18
29,21|23,2,37,18,17|357.56
29,24|23,2,37,18,17|381.83
29,25|44,19,10|304.81
29,26|23,2,4|248.64
29,27|23,2,4|233.86
29,28|7,46,32|285.49
30,0|44,29,23,2,4|379.95004
30,1|44|157.79001
30,2|44,29,23|263.36002
30,3|44,29,22|271.46002
30,4|44,29,23,2|302.97003
30,5|44,1,15|330.68
30,6|44,29,22,3|370.09003
30,7|44|130.12
30,8|44,29,23,2,4|368.75003
30,10|19|165.87
30,11|44,1,15,5,33|469.09998
30,13|44,29,23,2,37,18,17|512.8
30,14|9|116.15
30,15|44,1|252.47
30,16|44|134.6
30,17|44,29,23,2,37,18|436.59
30,18|44,29,23,2,37|348.32
30,20|44,29,23|244.84001
30,21|44,29,23,2,37,18,17|496.22
30,22|44,29|207.6
30,23|44,29|193.90001
30,24|44,29,23,2,37,18,17|520.49
30,25|19,10|254.06
30,26|44,29,23,2,4|387.30005
30,27|44,29,23,2,4|372.52002
30,28|19,32|260.28998
30,29|44|138.66
31,0|39,35,41|250.19
31,1|39,35,41,0,4,2,23,29,16|595.98
31,2|39,35,41,0,4|366.78003
31,3|39,35,41,0,4,2,49|553.08
31,4|39,35,41,0|327.17
31,5|39,35,41,0,4,2,23,29,16,1,15|768.87
31,6|39,35,41,0,4,2,49,3|651.71
31,7|39,35,41,0,4,2,23,29|568.35004
31,8|39,35,41,0|334.51
31,9|39,35,41,0,4,2,23,29,44|650.49
31,10|39,35,41,0,4,2,23,29,44,19|708.1
31,11|39,35,41,0,4,2,49,3,6,48|756.15
31,12|39,35,41,0,4,2,23,29,44|612.61
31,13|39,35,41,0,47,18,17|529.77997
31,14|39,35,41,0,4,2,23,29,44,12|691.1
31,15|39,35,41,0,4,2,23,29,16,1|690.66
31,16|39,35,41,0,4,2,23,29|557.05
31,17|39,35,41,0,47,18|453.56998
31,18|39,35,41,0,47|365.3
31,19|39,35,41,0,4,2,23,29,44|640.61
31,20|39,35,41,0,4|386.72
31,21|39,35,41,0,47,18,17|513.19995
31,22|39,35,41,0,4,2,49|511.16003
31,23|39,35,41,0,4,2|436.24002
31,24|39,35,41,0,47,18,17|537.47
31,25|39,35,41,0,4,2,23,29,44,19,10|796.29
31,26|39,35,41,0,27|351.51
31,27|39,35,41,0|294.91
31,28|39,35,41,0,4,2,23,29,7,46,32|776.97003
31,29|39,35,41,0,4,2,23|491.48
31,30|39,35,41,0,4,2,23,29,44|630.14
32,0|46,7,29,23,2,4|451.88998
32,1|46|131.55
32,2|46,7,29,23|335.3
32,3|46,7,22|297.15002
32,4|46,7,29,23,2|374.90997
32,5|46,1,15|304.44
32,6|46,7,22,3|395.78003
32,7|46|133.73001
32,8|46,7,29,23,2,4|440.68997
32,9|19,12|198.94
32,11|46,1,15,5,33|442.86
32,12|19|137.59
32,13|46,7,29,23,2,37,18,17|584.74
32,14|42|146.1
32,15|46,1|226.23001
32,16|46|149.6
32,17|46,7,29,23,2,37,18|508.53
32,18|46,7,29,23,2,37|420.26
32,20|46,7,29,23|316.78
32,21|46,7,29,23,2,37,18,17|568.16
32,22|46,7|233.29001
32,23|46,7,29|265.84
32,24|46,7,29,23,2,37,18,17|592.43
32,25|10|138.15
32,26|46,7,29,23,2,4|459.24
32,27|46,7,29,23,2,4|444.45996
32,29|46,7|210.6
32,30|19|185.4
32,31|46,7,29,23,2,4,0,41,35,39|702.07996
33,0|11,48,6,3,49,2,4|563.1
33,1|5,15|254.16998
33,2|11,48,6,3,49|446.51
33,3|11,48,6|260.21
33,4|11,48,6,3,49,2|486.12
33,6|11,48|161.58
33,7|5,15,1|284.56
33,8|11,48,6,3,49,2,4|551.9
33,9|5,15,1,44|432.31
33,10|5,15,1,46|403.88998
33,12|5,15,1,44|394.43
33,13|11,48,6,3,49,2,37,18,17|695.9501
33,14|5,15,1,46,19|452.78998
33,15|5|159.48999
33,16|5,15,1|293.09998
33,17|11,48,6,3,49,2,37,18|619.74005
33,18|11,48,6,3,49,2,37|531.47003
33,19|5,15,1,46|377.37
33,20|11,48,6,3,49|435.5
33,21|11,48,6,3,49,2,37,18,17|679.37006
33,22|11,48,6,3|324.07
33,23|11,48,6,3,49|394.42
33,24|11,48,6,3,49,2,37,18,17|703.6401
33,25|5,15,1,46,10|492.08
33,26|11,48,6,3,49,2,4|570.45
33,27|11,48,6,3,49,2,4|555.67
33,28|5,15,1,46,32|460.61
33,29|5,15,1,16|358.66998
33,30|5,15,1,44|411.96
33,31|11,48,6,3,49,2,4,0,41,35,39|813.29004
33,32|5,15,1,46|385.72
34,0|38,1,16,29,23,2,4|494.18997
34,1|38|148.4
34,2|38,1,16,29,23|377.59998
34,3|38,1,16,22|334.88
34,4|38,1,16,29,23,2|417.20996
34,5|43|105.55
34,6|43,5,33,11,48|348.40997
34,7|38,1|178.79
34,8|38,1,16,29,23,2,4|482.98996
34,9|38,1,44|326.53998
34,10|38,1,46|298.12
34,11|43,5,33|243.97
34,12|38,1,44|288.66
34,13|38,1,16,29,23,2,37,18,17|627.04004
34,14|38,1,46,19|347.02002
34,16|38,1|187.32999
34,17|38,1,16,29,23,2,37,18|550.83
34,18|38,1,16,29,23,2,37|462.56
34,19|38,1,46|271.6
34,20|38,1,16,29,23|359.08
34,21|38,1,16,29,23,2,37,18,17|610.46
34,22|38,1,16|271.02
34,23|38,1,16,29|308.13998
34,24|38,1,16,29,23,2,37,18,17|634.73004
34,25|38,1,46,10|386.31
34,26|38,1,16,29,23,2,4|501.53998
34,27|38,1,16,29,23,2,4|486.75995
34,28|38,1,46,32|354.84003
34,29|38,1,16|252.9
34,30|38,1,44|306.19
34,31|38,1,16,29,23,2,4,0,41,35,39|744.38
34,32|38,1,46|279.95
34,33|43,5|186.83
35,0|41|137.07
35,1|41,0,4,2,23,29,16|482.86002
35,2|41,0,4|253.66002
35,3|41,0,4,2,49|439.96002
35,4|41,0|214.05002
35,5|41,0,4,2,23,29,16,1,15|655.75006
35,6|41,0,4,2,49,3|538.59
35,7|41,0,4,2,23,29|455.23
35,8|41,0|221.39001
35,9|41,0,4,2,23,29,44|537.37
35,10|41,0,4,2,23,29,44,19|594.98004
35,11|41,0,4,2,49,3,6,48|643.03
35,12|41,0,4,2,23,29,44|499.49002
35,13|41,0,47,18,17|416.66
35,14|41,0,4,2,23,29,44,12|577.98004
35,15|41,0,4,2,23,29,16,1|577.54004
35,16|41,0,4,2,23,29|443.93002
35,17|41,0,47,18|340.45
35,18|41,0,47|252.18001
35,19|41,0,4,2,23,29,44|527.49005
35,20|41,0,4|273.6
35,21|41,0,47,18,17|400.08002
35,22|41,0,4,2,49|398.04004
35,23|41,0,4,2|323.12003
35,24|41,0,47,18,17|424.35
35,25|41,0,4,2,23,29,44,19,10|683.17004
35,26|41,0,27|238.39001
35,27|41,0|181.79001
35,28|41,0,4,2,23,29,7,46,32|663.85004
35,29|41,0,4,2,23|378.36002
35,30|41,0,4,2,23,29,44|517.02
35,31|39|113.12
35,32|41,0,4,2,23,29,7,46|588.96
35,33|41,0,4,2,49,3,6,48,11|700.17004
35,34|41,0,4,2,23,29,16,1,38|631.26
36,0|41|174.4
36,1|41,0,4,2,23,29,16|520.19
36,2|41,0,4|290.99
36,3|41,0,4,2,49|477.28998
36,4|41,0|251.38
36,5|41,0,4,2,23,29,16,1,15|693.08
36,6|41,0,4,2,49,3|575.92
36,7|41,0,4,2,23,29|492.55997
36,8|41,0|258.72
36,9|41,0,4,2,23,29,44|574.69995
36,10|41,0,4,2,23,29,44,19|632.31
36,11|41,0,4,2,49,3,6,48|680.36
36,12|41,0,4,2,23,29,44|536.82
36,13|41,0,47,18,17|453.99
36,14|41,0,4,2,23,29,44,12|615.31
36,15|41,0,4,2,23,29,16,1|614.87
36,16|41,0,4,2,23,29|481.25998
36,17|41,0,47,18|377.78
36,18|41,0,47|289.51
36,19|41,0,4,2,23,29,44|564.82
36,20|41,0,4|310.93
36,21|41,0,47,18,17|437.41
36,22|41,0,4,2,49|435.37
36,23|41,0,4,2|360.44998
36,24|41,0,47,18,17|461.68
36,25|41,0,4,2,23,29,44,19,10|720.5
36,26|41,0,27|275.72
36,27|41,0|219.12
36,28|41,0,4,2,23,29,7,46,32|701.18
36,29|41,0,4,2,23|415.68997
36,30|41,0,4,2,23,29,44|554.35
36,32|41,0,4,2,23,29,7,46|626.29
36,33|41,0,4,2,49,3,6,48,11|737.5
36,34|41,0,4,2,23,29,16,1,38|668.58997
37,1|2,23,29,16|279.24
37,3|2,49|236.34001
37,5|2,23,29,16,1,15|452.12997
37,6|2,49,3|334.97
37,7|2,23,29|251.61002
37,9|2,23,29,44|333.75
37,10|2,23,29,44,19|391.36
37,11|2,49,3,6,48|439.40997
37,12|2,23,29,44|295.87
37,13|18,17|199.4
37,14|2,23,29,44,12|374.36
37,15|2,23,29,16,1|373.91998
37,16|2,23,29|240.31
37,17|18|123.189995
37,19|2,23,29,44|323.87
37,21|18,17|182.81999
37,22|2,49|194.42001
37,23|2|119.5
37,24|18,17|207.09
37,25|2,23,29,44,19,10|479.55
37,28|2,23,29,7,46,32|460.23004
37,29|2,23|174.74
37,30|2,23,29,44|313.4
37,31|0,41,35,39|347.91
37,32|2,23,29,7,46|385.34003
37,33|2,49,3,6,48,11|496.55
37,34|2,23,29,16,1,38|427.63998
37,35|0,41|234.79
37,36|0,41|272.12
38,0|1,16,29,23,2,4|434.03
38,2|1,16,29,23|317.44
38,3|1,16,22|274.72
38,4|1,16,29,23,2|357.05
38,5|43|109.130005
38,6|43,5,33,11,48|351.99
38,7|1|118.63
38,8|1,16,29,23,2,4|422.83
38,9|1,44|266.38
38,10|1,46|237.95999
38,11|43,5,33|247.55
38,12|1,44|228.5
38,13|1,16,29,23,2,37,18,17|566.88
38,14|1,46,19|286.86
38,16|1|127.17
38,17|1,16,29,23,2,37,18|490.67
38,18|1,16,29,23,2,37|402.40002
38,19|1,46|211.44
38,20|1,16,29,23|298.91998
38,21|1,16,29,23,2,37,18,17|550.3
38,22|1,16|210.86
38,23|1,16,29|247.98
38,24|1,16,29,23,2,37,18,17|574.57
38,25|1,46,10|326.15
38,26|1,16,29,23,2,4|441.38
38,27|1,16,29,23,2,4|426.59998
38,28|1,46,32|294.68
38,29|1,16|192.73999
38,30|1,44|246.03
38,31|1,16,29,23,2,4,0,41,35,39|684.22
38,32|1,46|219.79001
38,33|43,5|190.41
38,35|1,16,29,23,2,4,0,41|571.1
38,36|1,16,29,23,2,4,0,41|608.43
38,37|1,16,29,23,2|367.48
39,0|35,41|194.22
39,1|35,41,0,4,2,23,29,16|540.01
39,2|35,41,0,4|310.81
39,3|35,41,0,4,2,49|497.11
39,4|35,41,0|271.2
39,5|35,41,0,4,2,23,29,16,1,15|712.9
39,6|35,41,0,4,2,49,3|595.74
39,7|35,41,0,4,2,23,29|512.38
39,8|35,41,0|278.54
39,9|35,41,0,4,2,23,29,44|594.52
39,10|35,41,0,4,2,23,29,44,19|652.13
39,11|35,41,0,4,2,49,3,6,48|700.18
39,12|35,41,0,4,2,23,29,44|556.64
39,13|35,41,0,47,18,17|473.81
39,14|35,41,0,4,2,23,29,44,12|635.13
39,15|35,41,0,4,2,23,29,16,1|634.69
39,16|35,41,0,4,2,23,29|501.08
39,17|35,41,0,47,18|397.6
39,18|35,41,0,47|309.33002
39,19|35,41,0,4,2,23,29,44|584.64
39,20|35,41,0,4|330.75
39,21|35,41,0,47,18,17|457.23
39,22|35,41,0,4,2,49|455.19
39,23|35,41,0,4,2|380.27
39,24|35,41,0,47,18,17|481.5
39,25|35,41,0,4,2,23,29,44,19,10|740.32
39,26|35,41,0,27|295.54
39,27|35,41,0|238.94
39,28|35,41,0,4,2,23,29,7,46,32|721.00006
39,29|35,41,0,4,2,23|435.50998
39,30|35,41,0,4,2,23,29,44|574.17
39,32|35,41,0,4,2,23,29,7,46|646.11005
39,33|35,41,0,4,2,49,3,6,48,11|757.32
39,34|35,41,0,4,2,23,29,16,1,38|688.41
39,37|35,41,0|291.94
39,38|35,41,0,4,2,23,29,16,1|628.25
40,0|39,35,41|274.83002
40,1|39,35,41,0,4,2,23,29,16|620.62006
40,2|39,35,41,0,4|391.42004
40,3|39,35,41,0,4,2,49|577.72003
40,4|39,35,41,0|351.81003
40,5|39,35,41,0,4,2,23,29,16,1,15|793.5101
40,6|39,35,41,0,4,2,49,3|676.35004
40,7|39,35,41,0,4,2,23,29|592.99005
40,8|39,35,41,0|359.15002
40,9|39,35,41,0,4,2,23,29,44|675.13007
40,10|39,35,41,0,4,2,23,29,44,19|732.74005
40,11|39,35,41,0,4,2,49,3,6,48|780.79004
40,12|39,35,41,0,4,2,23,29,44|637.25006
40,13|39,35,41,0,47,18,17|554.42
40,14|39,35,41,0,4,2,23,29,44,12|715.74005
40,15|39,35,41,0,4,2,23,29,16,1|715.30005
40,16|39,35,41,0,4,2,23,29|581.69006
40,17|39,35,41,0,47,18|478.21
40,18|39,35,41,0,47|389.94
40,19|39,35,41,0,4,2,23,29,44|665.25006
40,20|39,35,41,0,4|411.36002
40,21|39,35,41,0,47,18,17|537.83997
40,22|39,35,41,0,4,2,49|535.80005
40,23|39,35,41,0,4,2|460.88004
40,24|39,35,41,0,47,18,17|562.11
40,25|39,35,41,0,4,2,23,29,44,19,10|820.93005
40,26|39,35,41,0,27|376.15002
40,27|39,35,41,0|319.55002
40,28|39,35,41,0,4,2,23,29,7,46,32|801.61005
40,29|39,35,41,0,4,2,23|516.12006
40,30|39,35,41,0,4,2,23,29,44|654.7801
40,32|39,35,41,0,4,2,23,29,7,46|726.72003
40,33|39,35,41,0,4,2,49,3,6,48,11|837.93005
40,34|39,35,41,0,4,2,23,29,16,1,38|769.02
40,35|39|137.76001
40,36|39|137.17
40,37|39,35,41,0|372.55002
40,38|39,35,41,0,4,2,23,29,16,1|708.86005
41,1|0,4,2,23,29,16|431.5
41,2|0,4|202.3
41,3|0,4,2,49|388.59998
41,4|0|162.69
41,5|0,4,2,23,29,16,1,15|604.39
41,6|0,4,2,49,3|487.22998
41,7|0,4,2,23,29|403.87
41,8|0|170.03
41,9|0,4,2,23,29,44|486.01
41,10|0,4,2,23,29,44,19|543.62
41,11|0,4,2,49,3,6,48|591.67
41,12|0,4,2,23,29,44|448.13
41,13|0,47,18,17|365.3
41,14|0,4,2,23,29,44,12|526.62
41,15|0,4,2,23,29,16,1|526.18
41,16|0,4,2,23,29|392.57
41,17|0,47,18|289.09
41,18|0,47|200.82
41,19|0,4,2,23,29,44|476.13
41,20|0,4|222.24
41,21|0,47,18,17|348.72
41,22|0,4,2,49|346.68
41,23|0,4,2|271.76
41,24|0,47,18,17|372.99
41,25|0,4,2,23,29,44,19,10|631.81
41,26|0,27|187.03
41,27|0|130.43
41,28|0,4,2,23,29,7,46,32|612.49
41,29|0,4,2,23|327.0
41,30|0,4,2,23,29,44|465.66
41,31|35,39|164.48001
41,32|0,4,2,23,29,7,46|537.6
41,33|0,4,2,49,3,6,48,11|648.81
41,34|0,4,2,23,29,16,1,38|579.89996
41,37|0|183.43
41,38|0,4,2,23,29,16,1|519.74
41,39|35|108.51
41,40|35,39|189.12
42,0|19,44,29,23,2,4|435.41
42,1|46|130.45001
42,2|19,44,29,23|318.82
42,3|46,7,22|296.05
42,4|19,44,29,23,2|358.43
42,5|46,1,15|303.34
42,6|46,7,22,3|394.68
42,7|46|132.63
42,8|19,44,29,23,2,4|424.21
42,9|12|156.78
42,11|46,1,15,5,33|441.76
42,13|19,44,29,23,2,37,18,17|568.26
42,15|46,1|225.13
42,16|46|148.5
42,17|19,44,29,23,2,37,18|492.05002
42,18|19,44,29,23,2,37|403.78003
42,20|19,44,29,23|300.3
42,21|19,44,29,23,2,37,18,17|551.68
42,22|46,7|232.19
42,23|19,44,29|249.36
42,24|19,44,29,23,2,37,18,17|575.95
42,25|10|111.61
42,26|19,44,29,23,2,4|442.76
42,27|19,44,29,23,2,4|427.97998
42,28|32|126.78
42,29|19,44|194.12
42,30|19|143.37
42,31|19,44,29,23,2,4,0,41,35,39|685.6
42,33|46,1,15,5|384.62
42,34|46,1,38|278.85
42,35|19,44,29,23,2,4,0,41|572.48
42,36|19,44,29,23,2,4,0,41|609.81
42,37|19,44,29,23,2|368.86002
42,38|46,1|218.69
42,39|19,44,29,23,2,4,0,41,35|629.63
42,40|19,44,29,23,2,4,0,41,35,39|710.24
42,41|19,44,29,23,2,4,0|521.12
43,0|15,1,16,29,23,2,4|494.54
43,1|15|148.75
43,2|15,1,16,29,23|377.94998
43,3|15,1,16,22|335.22998
43,4|15,1,16,29,23,2|417.56
43,6|5,33,11,48|277.3
43,7|15,1|179.14
43,8|15,1,16,29,23,2,4|483.34
43,9|15,1,44|326.89
43,10|15,1,46|298.47
43,11|5,33|172.86
43,12|15,1,44|289.01
43,13|15,1,16,29,23,2,37,18,17|627.39
43,14|15,1,46,19|347.37
43,16|15,1|187.68
43,17|15,1,16,29,23,2,37,18|551.18
43,18|15,1,16,29,23,2,37|462.90997
43,19|15,1,46|271.95
43,20|15,1,16,29,23|359.43
43,21|15,1,16,29,23,2,37,18,17|610.81
43,22|15,1,16|271.37
43,23|15,1,16,29|308.49
43,24|15,1,16,29,23,2,37,18,17|635.08
43,25|15,1,46,10|386.66
43,26|15,1,16,29,23,2,4|501.89
43,27|15,1,16,29,23,2,4|487.11
43,28|15,1,46,32|355.19
43,29|15,1,16|253.25
43,30|15,1,44|306.54
43,31|15,1,16,29,23,2,4,0,41,35,39|744.73
43,32|15,1,46|280.30002
43,33|5|115.72
43,35|15,1,16,29,23,2,4,0,41|631.61
43,36|15,1,16,29,23,2,4,0,41|668.94
43,37|15,1,16,29,23,2|427.99
43,39|15,1,16,29,23,2,4,0,41,35|688.76
43,40|15,1,16,29,23,2,4,0,41,35,39|769.37
43,41|15,1,16,29,23,2,4,0|580.25
43,42|15,1,46|279.2
44,0|29,23,2,4|310.3
44,2|29,23|193.70999
44,3|29,22|201.81001
44,4|29,23,2|233.31999
44,5|1,15|261.03
44,6|29,22,3|300.44
44,8|29,23,2,4|299.09998
44,10|19|147.61
44,11|1,15,5,33|399.45
44,13|29,23,2,37,18,17|443.14996
44,14|12|130.61
44,15|1|182.82
44,17|29,23,2,37,18|366.93997
44,18|29,23,2,37|278.66998
44,20|29,23|175.19
44,21|29,23,2,37,18,17|426.56998
44,22|29|137.95001
44,23|29|124.25
44,24|29,23,2,37,18,17|450.83997
44,25|19,10|235.8
44,26|29,23,2,4|317.65
44,27|29,23,2,4|302.87
44,28|46,32|221.09999
44,31|29,23,2,4,0,41,35,39|560.49
44,32|46|146.20999
44,33|1,15,5|342.31
44,34|1,38|236.54001
44,35|29,23,2,4,0,41|447.37
44,36|29,23,2,4,0,41|484.69998
44,37|29,23,2|243.75
44,38|1|176.38
44,39|29,23,2,4,0,41,35|504.52
44,40|29,23,2,4,0,41,35,39|585.13
44,41|29,23,2,4,0|396.00998
44,42|19|125.11
44,43|1,15|236.89001
45,0|17,18,47|277.21997
45,1|17,18,37,2,23,29,16|476.26996
45,2|17,18,37|247.06998
45,3|17,18,37,2,49|433.37
45,4|17,18|217.26999
45,5|17,18,37,2,23,29,16,1,15|649.16
45,6|17,18,37,2,49,3|532.0
45,7|17,18,37,2,23,29|448.63995
45,8|17,18|200.24998
45,9|17,18,37,2,23,29,44|530.77997
45,10|17,18,37,2,23,29,44,19|588.38995
45,11|17,18,37,2,49,3,6,48|636.44
45,12|17,18,37,2,23,29,44|492.89996
45,14|17,18,37,2,23,29,44,12|571.38995
45,15|17,18,37,2,23,29,16,1|570.94995
45,16|17,18,37,2,23,29|437.33997
45,18|17|162.10999
45,19|17,18,37,2,23,29,44|520.89996
45,20|17,18,37|270.3
45,21|17|133.47
45,22|17,18,37,2,49|391.44998
45,23|17,18,37,2|316.52997
45,24|13|106.69
45,25|17,18,37,2,23,29,44,19,10|676.57996
45,26|17,18|208.29999
45,27|17,18|236.53998
45,28|17,18,37,2,23,29,7,46,32|657.25995
45,29|17,18,37,2,23|371.76996
45,30|17,18,37,2,23,29,44|510.42996
45,31|17,18,47,0,41,35,39|527.41
45,32|17,18,37,2,23,29,7,46|582.36993
45,33|17,18,37,2,49,3,6,48,11|693.58
45,34|17,18,37,2,23,29,16,1,38|624.6699
45,35|17,18,47,0,41|414.28998
45,36|17,18,47,0,41|451.61996
45,37|17,18|197.02998
45,38|17,18,37,2,23,29,16,1|564.50995
45,39|17,18,47,0,41,35|471.43997
45,40|17,18,47,0,41,35,39|552.05
45,41|17,18,47,0|362.92996
45,42|17,18,37,2,23,29,44,19|565.88995
45,43|17,18,37,2,23,29,16,1,15|625.01996
45,44|17,18,37,2,23,29|440.77997
46,0|7,29,23,2,4|386.07004
46,2|7,29,23|269.48
46,3|7,22|231.33
46,4|7,29,23,2|309.09003
46,5|1,15|238.62
46,6|7,22,3|329.96
46,8|7,29,23,2,4|374.87003
46,9|12|149.23
46,11|1,15,5,33|377.03998
46,13|7,29,23,2,37,18,17|518.92
46,14|19|132.89
46,15|1|160.41
46,17|7,29,23,2,37,18|442.71
46,18|7,29,23,2,37|354.44
46,20|7,29,23|250.96
46,21|7,29,23,2,37,18,17|502.34
46,22|7|167.47
46,23|7,29|200.02
46,24|7,29,23,2,37,18,17|526.61
46,25|10|172.18
46,26|7,29,23,2,4|393.42004
46,27|7,29,23,2,4|378.64
46,28|32|140.70999
46,29|7|144.78
46,30|12|136.09
46,31|7,29,23,2,4,0,41,35,39|636.26
46,33|1,15,5|319.9
46,34|1,38|214.13
46,35|7,29,23,2,4,0,41|523.14
46,36|7,29,23,2,4,0,41|560.47003
46,37|7,29,23,2|319.52002
46,38|1|153.97
46,39|7,29,23,2,4,0,41,35|580.29004
46,40|7,29,23,2,4,0,41,35,39|660.9
46,41|7,29,23,2,4,0|471.78003
46,43|1,15|214.48001
46,45|7,29,23,2,37,18,17|516.55
47,1|4,2,23,29,16|342.25998
47,2|4|113.06
47,3|4,2,49|299.36
47,5|4,2,23,29,16,1,15|515.14996
47,6|4,2,49,3|397.99
47,7|4,2,23,29|314.63
47,9|4,2,23,29,44|396.77
47,10|4,2,23,29,44,19|454.37997
47,11|4,2,49,3,6,48|502.43
47,12|4,2,23,29,44|358.88998
47,13|18,17|255.84
47,14|4,2,23,29,44,12|437.37997
47,15|4,2,23,29,16,1|436.93997
47,16|4,2,23,29|303.33
47,17|18|179.63
47,19|4,2,23,29,44|386.88998
47,20|4|133.0
47,21|18,17|239.26001
47,22|4,2,49|257.44
47,23|4,2|182.51999
47,24|18,17|263.53
47,25|4,2,23,29,44,19,10|542.56995
47,28|4,2,23,29,7,46,32|523.25
47,29|4,2,23|237.76
47,30|4,2,23,29,44|376.41998
47,31|0,41,35,39|273.94
47,32|4,2,23,29,7,46|448.36002
47,33|4,2,49,3,6,48,11|559.57
47,34|4,2,23,29,16,1,38|490.65997
47,35|0,41|160.82
47,36|0,41|198.15
47,38|4,2,23,29,16,1|430.49997
47,39|0,41,35|217.97
47,40|0,41,35,39|298.58002
47,41|0|109.46
47,42|4,2,23,29,44,19|431.87997
47,43|4,2,23,29,16,1,15|491.00998
47,44|4,2,23,29|306.77
47,45|18,17|253.47
47,46|4,2,23,29,7|382.54
48,0|6,3,49,2,4|422.81998
48,1|6,3,22,16|306.40997
48,2|6,3,49|306.22998
48,3|6|119.92999
48,4|6,3,49,2|345.83997
48,5|11,33|221.56
48,7|6,3,22|283.34998
48,8|6,3,49,2,4|411.61996
48,9|6,3,22,29,44|411.74
48,10|6,3,22,16,46|435.24997
48,12|6,3,22,29,44|373.86
48,13|6,3,49,2,37,18,17|555.67
48,14|6,3,22,29,44,12|452.34998
48,15|11,33,5|299.77
48,16|6,3,22|267.47998
48,17|6,3,49,2,37,18|479.46
48,18|6,3,49,2,37|391.19
48,19|6,3,22,29,44|401.86
48,20|6,3,49|295.22
48,21|6,3,49,2,37,18,17|539.08997
48,22|6,3|183.79
48,23|6,3,49|254.13998
48,24|6,3,49,2,37,18,17|563.36
48,25|6,3,22,16,46,10|523.43994
48,26|6,3,49,2,4|430.16998
48,27|6,3,49,2,4|415.38995
48,28|6,3,22,16,46,32|491.96997
48,29|6,3,22|252.73
48,30|6,3,22,29,44|391.38998
48,31|6,3,49,2,4,0,41,35,39|673.01
48,32|6,3,22,16,46|417.08
48,33|11|140.28
48,34|11,33,5,43|327.11
48,35|6,3,49,2,4,0,41|559.88995
48,36|6,3,49,2,4,0,41|597.22
48,37|6,3,49,2|356.27
48,38|11,33,5,43|330.69
48,39|6,3,49,2,4,0,41,35|617.04
48,40|6,3,49,2,4,0,41,35,39|697.64996
48,41|6,3,49,2,4,0|508.52997
48,42|6,3,22,16,46|415.97998
48,43|11,33,5|256.0
48,44|6,3,22,29|321.74
48,45|6,3,49,2,37,18,17|553.3
48,46|6,3,22,16|351.25998
48,47|6,3,49,2,4|419.28998
49,0|2,4|209.78
49,1|29,16|169.66998
49,4|2|132.8
49,5|29,16,1,15|342.55997
49,6|3|191.73999
49,7|29|142.04001
49,8|2,4|198.58
49,9|29,44|224.18
49,10|29,44,19|281.78998
49,11|3,6,48|296.18
49,12|29,44|186.29999
49,13|2,37,18,17|342.63
49,14|29,44,12|264.78998
49,15|29,16,1|264.34998
49,16|29|130.73999
49,17|2,37,18|266.42
49,18|2,37|178.15001
49,19|29,44|214.29999
49,21|2,37,18,17|326.05002
49,24|2,37,18,17|350.32
49,25|29,44,19,10|369.97998
49,26|2,4|217.13
49,27|2,4|202.35
49,28|29,7,46,32|350.66003
49,30|29,44|203.82999
49,31|2,4,0,41,35,39|459.96997
49,32|29,7,46|275.77002
49,33|3,6,48,11|353.32
49,34|29,16,1,38|318.06998
49,35|2,4,0,41|346.84998
49,36|2,4,0,41|384.18
49,37|2|143.23001
49,38|29,16,1|257.90997
49,39|2,4,0,41,35|403.99997
49,40|2,4,0,41,35,39|484.61
49,41|2,4,0|295.49
49,42|29,44,19|259.28998
49,43|29,16,1,15|318.41998
49,44|29|134.18
49,45|2,37,18,17|340.26
49,46|29,7|209.95001
49,47|2,4|206.25
49,48|3,6|213.04
