0|21|55.62
0|26|102.15
0|33|59.63
0|35|12.87
0|40|71.63
0|42|64.59
0|46|121.51
0|57|80.94
0|81|114.41
0|82|19.33
0|88|87.00
0|89|91.68
0|91|69.17
0|93|74.73
0|95|93.72
0|96|124.51
1|10|115.95
1|13|95.86
1|17|96.19
1|26|35.92
1|27|122.50
1|33|81.32
1|42|73.80
1|44|98.65
1|45|100.80
1|46|41.72
1|54|105.18
1|75|70.18
1|78|89.82
1|80|113.56
1|81|81.87
1|98|55.62
2|10|123.92
2|16|96.16
2|17|122.56
2|19|36.10
2|25|56.19
2|28|16.72
2|31|23.02
2|40|118.92
2|58|99.39
2|61|115.28
2|70|51.14
2|81|77.23
2|85|15.25
2|88|81.51
2|90|124.59
2|96|43.83
2|99|10.67
3|15|114.17
3|37|73.18
3|41|88.90
3|43|65.46
3|51|104.89
3|52|40.01
3|56|66.89
3|62|35.21
3|65|26.75
3|71|83.27
3|74|57.84
3|97|39.54
4|21|118.07
4|24|81.91
4|38|115.77
4|48|25.75
4|49|57.37
4|50|73.93
4|53|86.63
4|57|106.61
4|60|73.30
4|63|118.24
4|72|101.01
4|83|47.77
4|86|106.45
4|92|70.39
4|93|117.55
4|95|74.41
5|6|119.45
5|8|101.74
5|9|20.09
5|10|97.30
5|11|57.89
5|17|111.75
5|20|106.51
5|29|44.07
5|32|11.42
5|45|110.25
5|61|96.12
5|76|99.73
5|79|25.69
6|9|113.56
6|11|66.76
6|14|122.26
6|17|124.99
6|18|99.75
6|29|87.99
6|32|114.98
6|34|70.16
6|45|49.86
6|54|36.41
6|55|83.29
6|76|68.78
6|79|118.82
6|80|44.17
6|87|93.58
6|98|115.05
7|15|95.48
7|22|123.73
7|39|124.70
7|64|98.76
7|69|66.29
7|71|117.80
7|84|41.36
7|94|64.92
8|9|94.66
8|10|98.82
8|16|62.82
8|17|117.97
8|19|119.81
8|20|5.09
8|29|114.89
8|32|98.01
8|36|27.76
8|58|49.31
8|61|65.88
8|79|87.41
8|90|29.16
9|10|77.29
9|11|59.99
9|17|91.69
9|20|99.68
9|29|29.00
9|32|8.73
9|36|122.39
9|45|96.70
9|54|117.23
9|58|114.38
9|61|78.41
9|76|106.20
9|79|7.91
9|90|116.82
9|98|122.06
10|11|113.78
10|16|109.24
10|17|19.76
10|19|88.41
10|20|102.94
10|28|107.51
10|29|67.08
10|31|120.77
10|32|86.02
10|36|118.53
10|45|85.42
10|54|110.23
10|58|79.92
10|61|34.80
10|79|72.10
10|81|92.16
10|90|101.55
10|98|61.50
10|99|117.09
11|17|119.64
11|29|48.14
11|32|57.48
11|45|78.10
11|54|87.01
11|55|93.03
11|76|47.65
11|79|67.40
11|80|108.37
11|87|94.58
12|14|36.84
12|18|101.27
12|23|52.56
12|30|47.55
12|34|77.15
12|51|121.01
12|55|74.05
12|66|66.77
12|73|44.72
12|76|120.30
12|87|80.64
13|26|94.40
13|27|29.91
13|33|97.74
13|39|124.00
13|42|110.32
13|43|111.87
13|44|59.85
13|46|57.60
13|47|50.36
13|68|114.10
13|75|27.74
13|77|119.74
13|78|74.17
13|93|114.94
14|18|68.79
14|23|89.32
14|30|83.37
14|34|57.09
14|37|105.49
14|51|88.14
14|55|93.63
14|66|101.01
14|73|78.98
14|80|122.24
14|87|103.83
15|22|94.86
15|39|45.73
15|41|95.75
15|43|124.69
15|52|98.18
15|56|51.61
15|59|103.29
15|62|111.85
15|64|118.42
15|65|116.93
15|67|94.32
15|68|50.70
15|71|79.37
15|74|108.61
15|77|89.84
15|84|70.84
15|94|108.34
16|17|122.81
16|19|77.55
16|20|60.54
16|28|85.79
16|31|74.76
16|36|48.83
16|58|30.43
16|61|77.31
16|70|97.45
16|85|104.97
16|90|33.88
16|99|85.65
17|19|88.90
17|20|121.95
17|26|112.17
17|28|106.94
17|29|76.21
17|31|123.11
17|32|100.33
17|45|77.20
17|54|100.80
17|58|94.86
17|61|52.75
17|79|87.52
17|81|78.87
17|90|118.72
17|98|42.10
17|99|117.17
18|34|41.23
18|37|74.72
18|43|108.65
18|44|122.67
18|51|87.62
18|54|105.33
18|55|123.25
18|62|120.52
18|78|108.45
18|80|75.54
19|20|120.51
19|25|91.73
19|28|19.39
19|31|34.84
19|36|119.80
19|58|71.11
19|61|79.64
19|70|77.79
19|81|64.80
19|85|51.21
19|88|112.06
19|90|99.45
19|96|79.22
19|98|111.35
19|99|28.69
20|29|119.98
20|32|102.94
20|36|22.84
20|58|49.55
20|61|69.59
20|79|92.45
20|90|26.66
21|24|115.78
21|33|106.91
21|35|68.49
21|40|87.66
21|42|117.13
21|48|120.41
21|49|89.15
21|57|27.03
21|60|97.05
21|82|39.76
21|88|119.09
21|89|48.66
21|91|66.97
21|93|68.32
21|95|52.36
22|38|87.12
22|39|65.74
22|47|116.34
22|50|122.23
22|53|115.01
22|59|8.44
22|63|83.03
22|64|55.43
22|67|11.31
22|68|73.64
22|72|96.15
22|77|39.10
22|92|120.25
22|94|78.15
23|30|12.30
23|34|118.17
23|55|69.75
23|66|35.58
23|73|29.49
23|76|113.89
23|87|66.80
24|48|58.60
24|49|35.24
24|57|90.43
24|60|19.39
24|86|37.01
24|89|92.32
24|95|106.50
25|28|72.50
25|31|63.96
25|40|97.33
25|70|38.59
25|81|124.09
25|85|40.99
25|88|63.86
25|91|123.77
25|96|27.15
25|99|63.26
26|27|124.03
26|33|46.46
26|35|91.22
26|42|37.99
26|44|117.27
26|46|38.54
26|75|66.71
26|78|113.78
26|81|68.17
26|82|121.48
26|98|78.32
27|38|120.98
27|39|95.55
27|43|94.12
27|44|59.33
27|46|86.54
27|47|46.90
27|52|108.62
27|56|110.49
27|62|116.15
27|63|121.24
27|68|85.30
27|75|57.34
27|77|97.84
27|78|78.46
28|31|22.44
28|58|85.29
28|61|98.67
28|70|62.01
28|81|69.87
28|85|31.83
28|88|95.42
28|90|111.89
28|96|60.20
28|99|10.60
29|32|34.40
29|45|67.71
29|54|88.46
29|58|124.23
29|61|81.06
29|76|95.45
29|79|32.06
29|80|117.55
29|98|99.30
30|34|107.68
30|55|57.85
30|66|47.10
30|73|36.88
30|76|102.80
30|87|55.84
31|36|122.97
31|58|82.10
31|61|105.89
31|70|43.23
31|81|92.30
31|85|30.29
31|88|102.15
31|90|104.96
31|96|60.57
31|99|14.56
32|45|101.72
32|54|121.20
32|58|120.74
32|61|86.32
32|76|102.24
32|79|15.24
32|90|121.48
33|35|51.10
33|40|122.51
33|42|19.83
33|46|62.09
33|47|114.01
33|75|75.26
33|81|88.66
33|82|78.46
33|88|122.90
33|93|82.64
33|98|122.81
34|37|112.46
34|45|111.98
34|51|115.54
34|54|88.62
34|55|82.50
34|73|120.83
34|76|105.64
34|80|65.29
34|87|95.95
35|40|73.67
35|42|53.31
35|46|113.14
35|57|93.70
35|75|124.60
35|81|101.62
35|82|31.25
35|88|83.23
35|89|103.38
35|91|75.76
35|93|81.68
35|95|105.17
35|96|117.70
36|58|50.59
36|61|83.91
36|79|115.09
36|90|20.83
37|43|86.38
37|51|40.15
37|52|91.07
37|62|77.08
37|65|86.33
37|74|119.05
37|97|66.15
38|39|118.06
38|47|77.02
38|50|72.79
38|53|30.50
38|59|82.87
38|63|4.19
38|67|79.09
38|68|117.94
38|72|15.42
38|77|72.41
38|83|71.30
38|92|47.81
38|93|92.37
38|95|104.93
39|43|123.39
39|47|99.59
39|52|107.76
39|56|69.83
39|59|73.61
39|62|121.81
39|63|115.16
39|64|108.30
39|67|60.51
39|68|10.89
39|71|122.58
39|77|46.97
39|84|110.87
39|94|112.61
40|42|117.99
40|57|96.32
40|82|63.35
40|85|109.82
40|88|37.72
40|89|83.10
40|91|27.32
40|96|81.80
41|52|109.99
41|56|89.18
41|62|115.42
41|65|68.62
41|71|16.76
41|74|36.34
41|84|84.29
41|97|91.77
42|46|65.60
42|75|85.32
42|81|68.88
42|82|83.91
42|88|112.58
42|93|101.11
42|98|108.30
43|44|64.84
43|52|34.52
43|56|75.54
43|62|30.65
43|65|92.04
43|68|114.11
43|74|119.88
43|78|72.52
43|97|99.29
44|46|81.24
44|47|103.74
44|52|95.00
44|56|121.09
44|62|95.06
44|75|67.48
44|78|20.30
44|80|114.52
45|54|25.13
45|61|117.21
45|76|105.06
45|79|98.95
45|80|55.52
45|98|65.79
46|47|98.71
46|75|30.15
46|78|81.37
46|81|106.08
46|93|120.84
46|98|97.25
47|53|95.07
47|59|117.93
47|63|78.02
47|67|105.02
47|68|92.41
47|72|90.47
47|75|70.38
47|77|78.94
47|78|121.17
47|92|119.84
47|93|91.54
48|49|42.05
48|50|97.59
48|53|111.62
48|57|103.66
48|60|53.86
48|83|73.43
48|86|80.78
48|89|120.62
48|92|96.14
48|95|85.47
49|57|67.39
49|60|18.54
49|83|99.94
49|86|71.00
49|89|79.85
49|92|118.83
49|93|121.95
49|95|71.77
50|53|59.66
50|59|114.41
50|63|72.69
50|67|120.41
50|72|58.84
50|83|33.95
50|92|35.06
50|95|113.77
51|62|115.68
51|65|110.27
51|97|83.61
52|56|46.65
52|62|14.19
52|65|63.97
52|68|100.44
52|71|98.95
52|74|87.76
52|78|105.61
52|97|79.05
53|59|109.81
53|63|33.82
53|67|107.96
53|72|18.91
53|77|102.91
53|83|45.81
53|92|25.78
53|93|77.87
53|95|78.13
54|55|119.50
54|76|102.50
54|78|111.42
54|79|120.43
54|80|30.55
54|98|82.47
55|66|104.95
55|73|91.90
55|76|47.30
55|80|116.47
55|87|13.53
56|62|60.24
56|65|77.37
56|68|65.71
56|71|73.78
56|74|83.16
56|77|115.24
56|84|109.18
56|97|102.96
57|60|72.36
57|82|63.21
57|89|29.50
57|91|70.95
57|93|88.59
57|95|56.58
58|61|47.03
58|70|114.81
58|79|106.48
58|81|123.72
58|85|111.42
58|90|29.76
58|99|88.84
59|63|78.72
59|64|54.00
59|67|15.20
59|68|81.15
59|72|90.90
59|77|43.07
59|92|113.72
59|94|80.01
60|83|117.64
60|86|56.40
60|89|77.82
60|95|87.74
61|79|71.08
61|81|107.17
61|90|66.77
61|98|94.71
61|99|106.39
62|65|61.54
62|68|114.31
62|71|105.95
62|74|89.45
62|78|103.11
62|97|71.61
63|67|75.12
63|68|115.34
63|72|17.28
63|77|69.19
63|83|73.12
63|92|49.48
63|93|96.46
63|95|108.97
64|67|66.72
64|68|118.44
64|77|94.27
64|84|123.57
64|94|35.42
65|71|67.17
65|74|33.85
65|97|28.80
66|73|22.14
66|87|102.38
67|68|67.24
67|72|89.30
67|77|28.20
67|92|115.29
67|94|88.91
68|71|124.18
68|77|49.56
68|84|118.67
68|94|123.48
69|84|77.49
70|85|41.91
70|88|98.58
70|96|54.80
70|99|51.45
71|74|39.95
71|84|76.44
71|97|93.41
72|77|85.90
72|83|55.94
72|92|32.40
72|93|91.89
72|95|96.85
73|87|91.92
74|84|116.37
74|97|55.43
75|78|75.06
75|93|111.35
76|79|113.91
76|80|111.91
76|87|47.09
77|92|116.24
77|94|113.10
78|80|94.31
79|90|109.10
79|98|119.84
80|98|104.65
81|85|88.26
81|88|107.27
81|96|99.96
81|98|73.02
81|99|79.10
82|88|86.67
82|89|72.37
82|91|54.50
82|93|77.14
82|95|84.91
83|92|23.70
83|93|105.06
83|95|80.52
84|94|95.01
85|88|72.10
85|96|30.59
85|99|23.69
86|89|123.83
88|89|120.63
88|91|64.97
88|96|44.67
88|99|92.18
89|91|55.80
89|93|115.83
89|95|85.98
90|99|113.92
91|95|119.02
91|96|109.10
92|93|97.82
92|95|85.35
93|95|50.35
96|99|53.73
