0|1|138.07
0|2|143.80
0|13|148.24
0|21|55.62
0|25|148.74
0|26|102.15
0|33|59.63
0|35|12.87
0|40|71.63
0|42|64.59
0|46|121.51
0|47|148.20
0|49|144.58
0|57|80.94
0|75|130.49
0|81|114.41
0|82|19.33
0|85|141.99
0|88|87.00
0|89|91.68
0|91|69.17
0|93|74.73
0|95|93.72
0|96|124.51
0|101|146.97
0|102|40.90
0|111|144.28
0|119|58.41
0|121|87.52
0|122|59.08
0|125|96.16
0|130|83.34
0|131|146.03
0|132|91.66
0|139|91.49
0|140|134.84
0|141|126.37
0|152|110.99
0|154|120.66
0|157|140.05
0|158|129.62
0|164|126.11
0|166|99.47
0|169|84.57
0|171|42.70
0|176|99.42
0|177|26.50
0|179|98.79
0|187|85.72
0|190|143.35
0|191|77.01
0|194|98.28
1|6|141.60
1|10|115.95
1|13|95.86
1|17|96.19
1|19|141.49
1|26|35.92
1|27|122.50
1|33|81.32
1|35|127.10
1|42|73.80
1|44|98.65
1|45|100.80
1|46|41.72
1|47|140.11
1|54|105.18
1|61|147.27
1|75|70.18
1|78|89.82
1|80|113.56
1|81|81.87
1|98|55.62
1|100|77.16
1|101|130.24
1|102|117.76
1|104|102.51
1|105|140.91
1|111|97.28
1|114|81.21
1|115|58.87
1|122|91.61
1|125|72.70
1|131|12.13
1|136|119.59
1|139|53.45
1|144|110.51
1|147|58.04
1|152|148.64
1|158|138.73
1|161|141.93
1|163|106.92
1|164|66.97
1|165|105.50
1|166|144.29
1|169|139.85
1|171|101.33
1|177|118.37
1|183|114.60
1|187|91.00
1|190|110.59
1|191|70.82
1|193|120.14
1|197|95.83
2|8|148.63
2|10|123.92
2|16|96.16
2|17|122.56
2|19|36.10
2|20|148.48
2|25|56.19
2|26|142.59
2|28|16.72
2|31|23.02
2|33|148.06
2|35|133.98
2|36|143.48
2|40|118.92
2|42|129.77
2|58|99.39
2|61|115.28
2|70|51.14
2|81|77.23
2|85|15.25
2|88|81.51
2|90|124.59
2|91|145.79
2|96|43.83
2|98|139.00
2|99|10.67
2|101|36.57
2|108|121.89
2|109|132.65
2|111|70.76
2|113|31.94
2|122|104.62
2|130|65.10
2|140|78.46
2|150|70.48
2|157|60.32
2|158|20.70
2|164|93.26
2|166|45.15
2|167|50.98
2|182|110.36
2|185|142.72
2|187|79.96
2|191|109.41
2|197|91.50
3|15|114.17
3|18|135.14
3|27|148.62
3|37|73.18
3|39|136.24
3|41|88.90
3|43|65.46
3|44|130.18
3|51|104.89
3|52|40.01
3|56|66.89
3|62|35.21
3|65|26.75
3|68|130.94
3|71|83.27
3|74|57.84
3|78|137.36
3|97|39.54
3|104|134.70
3|107|71.14
3|117|147.40
3|120|111.07
3|124|75.34
3|126|112.86
3|127|121.55
3|128|45.14
3|129|133.00
3|136|113.94
3|137|84.00
3|144|120.44
3|145|115.22
3|146|137.93
3|153|149.10
3|159|67.48
3|160|139.43
3|161|109.80
3|162|23.24
3|168|28.10
3|172|60.08
3|173|120.15
3|175|42.99
3|183|114.15
3|188|85.07
3|192|66.00
3|193|138.73
3|198|136.40
4|21|118.07
4|24|81.91
4|38|115.77
4|48|25.75
4|49|57.37
4|50|73.93
4|53|86.63
4|57|106.61
4|60|73.30
4|63|118.24
4|72|101.01
4|83|47.77
4|86|106.45
4|89|128.44
4|92|70.39
4|93|117.55
4|95|74.41
4|103|109.26
4|119|121.83
4|121|79.74
4|123|138.43
4|132|94.14
4|135|5.31
4|138|80.71
4|141|54.49
4|142|142.01
4|143|122.26
4|148|95.16
4|152|136.07
4|154|53.98
4|155|52.96
4|169|134.52
4|176|120.86
4|179|94.43
4|181|109.64
4|184|54.16
4|194|91.14
5|6|119.45
5|8|101.74
5|9|20.09
5|10|97.30
5|11|57.89
5|17|111.75
5|20|106.51
5|29|44.07
5|32|11.42
5|36|129.30
5|45|110.25
5|54|128.55
5|55|147.01
5|58|128.25
5|61|96.12
5|76|99.73
5|79|25.69
5|87|145.79
5|90|126.74
5|98|141.17
5|105|54.00
5|108|126.56
5|114|117.37
5|116|65.68
5|133|90.99
5|163|87.76
5|165|98.00
5|170|106.95
5|189|28.38
5|197|138.36
6|9|113.56
6|10|129.80
6|11|66.76
6|12|128.07
6|14|122.26
6|17|124.99
6|18|99.75
6|23|148.40
6|29|87.99
6|30|136.10
6|32|114.98
6|34|70.16
6|45|49.86
6|54|36.41
6|55|83.29
6|76|68.78
6|78|138.14
6|79|118.82
6|80|44.17
6|87|93.58
6|98|115.05
6|100|67.24
6|104|113.66
6|105|95.12
6|114|74.94
6|115|83.82
6|116|65.69
6|120|117.69
6|131|136.58
6|133|37.52
6|144|130.56
6|145|136.99
6|147|84.95
6|149|58.65
6|156|86.59
6|163|86.11
6|165|57.83
6|170|38.30
6|173|107.83
6|174|127.79
6|188|145.90
6|189|97.77
6|196|69.92
7|15|95.48
7|22|123.73
7|39|124.70
7|41|125.26
7|56|142.14
7|59|128.98
7|64|98.76
7|67|131.78
7|68|134.49
7|69|66.29
7|71|117.80
7|77|147.39
7|84|41.36
7|94|64.92
7|106|92.59
7|110|27.62
7|112|35.69
7|117|144.48
7|118|72.26
7|126|82.08
7|129|58.61
7|134|59.89
7|146|89.98
7|151|67.18
7|160|51.73
7|178|57.92
7|195|27.20
7|198|82.93
7|199|29.10
8|9|94.66
8|10|98.82
8|16|62.82
8|17|117.97
8|19|119.81
8|20|5.09
8|28|134.59
8|29|114.89
8|31|130.59
8|32|98.01
8|36|27.76
8|58|49.31
8|61|65.88
8|79|87.41
8|90|29.16
8|99|138.05
8|101|130.45
8|105|107.77
8|108|30.52
8|109|113.43
8|111|135.48
8|113|116.78
8|150|134.97
8|163|129.90
8|167|144.78
8|182|104.33
8|185|85.92
8|189|129.62
8|197|121.76
9|10|77.29
9|11|59.99
9|16|142.68
9|17|91.69
9|20|99.68
9|29|29.00
9|32|8.73
9|36|122.39
9|45|96.70
9|54|117.23
9|58|114.38
9|61|78.41
9|76|106.20
9|79|7.91
9|80|145.89
9|90|116.82
9|98|122.06
9|100|140.47
9|105|35.34
9|108|116.21
9|111|143.03
9|114|100.77
9|115|144.11
9|116|69.64
9|133|90.31
9|147|145.60
9|163|69.58
9|165|83.49
9|170|107.68
9|189|38.50
9|197|118.37
10|11|113.78
10|16|109.24
10|17|19.76
10|19|88.41
10|20|102.94
10|26|131.28
10|28|107.51
10|29|67.08
10|31|120.77
10|32|86.02
10|36|118.53
10|45|85.42
10|54|110.23
10|58|79.92
10|61|34.80
10|79|72.10
10|80|139.74
10|81|92.16
10|85|139.17
10|90|101.55
10|98|61.50
10|99|117.09
10|100|115.32
10|101|88.59
10|105|51.29
10|108|99.11
10|111|66.04
10|113|103.85
10|114|68.83
10|115|108.62
10|116|124.17
10|122|146.96
10|131|122.95
10|133|128.76
10|147|109.75
10|158|113.87
10|163|43.77
10|164|80.43
10|165|73.21
10|166|145.29
10|170|146.08
10|187|121.53
10|189|109.59
10|191|131.75
10|197|41.10
11|17|119.64
11|29|48.14
11|30|149.99
11|32|57.48
11|34|128.71
11|45|78.10
11|54|87.01
11|55|93.03
11|61|129.01
11|76|47.65
11|79|67.40
11|80|108.37
11|87|94.58
11|98|132.45
11|100|118.10
11|105|63.28
11|114|96.36
11|115|129.00
11|116|10.63
11|133|33.56
11|147|130.47
11|149|98.70
11|156|138.08
11|163|81.15
11|165|71.84
11|170|49.06
11|174|148.98
11|189|32.04
11|196|130.89
12|14|36.84
12|18|101.27
12|23|52.56
12|30|47.55
12|34|77.15
12|37|141.90
12|51|121.01
12|55|74.05
12|66|66.77
12|73|44.72
12|76|120.30
12|80|139.97
12|87|80.64
12|120|126.54
12|133|133.44
12|145|100.79
12|149|69.88
12|156|54.16
12|170|115.41
12|173|125.46
12|174|31.60
12|180|40.58
12|196|84.26
13|26|94.40
13|27|29.91
13|33|97.74
13|35|144.14
13|38|126.93
13|39|124.00
13|42|110.32
13|43|111.87
13|44|59.85
13|46|57.60
13|47|50.36
13|52|132.14
13|53|141.98
13|56|139.21
13|62|137.66
13|63|128.16
13|67|147.69
13|68|114.10
13|72|139.74
13|75|27.74
13|77|119.74
13|78|74.17
13|93|114.94
13|100|138.29
13|102|108.93
13|104|104.63
13|107|103.54
13|115|126.82
13|117|106.12
13|119|124.59
13|122|138.21
13|125|55.38
13|127|97.86
13|131|89.06
13|136|61.77
13|139|76.60
13|142|134.54
13|143|134.28
13|144|96.54
13|147|125.33
13|152|82.68
13|153|74.45
13|159|113.82
13|161|63.84
13|169|92.02
13|171|107.11
13|177|121.74
13|179|127.68
13|181|139.73
13|183|69.19
13|186|124.13
13|188|128.14
13|190|19.23
13|191|127.02
13|193|34.44
13|194|131.71
14|18|68.79
14|23|89.32
14|30|83.37
14|34|57.09
14|37|105.49
14|51|88.14
14|54|145.25
14|55|93.63
14|66|101.01
14|73|78.98
14|76|134.42
14|80|122.24
14|87|103.83
14|104|147.19
14|120|92.10
14|133|137.81
14|137|132.03
14|145|63.95
14|149|71.35
14|156|35.91
14|170|121.00
14|172|120.51
14|173|92.46
14|174|66.84
14|175|145.25
14|180|75.28
14|188|133.30
14|196|62.14
15|22|94.86
15|27|129.72
15|39|45.73
15|41|95.75
15|43|124.69
15|47|142.94
15|52|98.18
15|56|51.61
15|59|103.29
15|62|111.85
15|64|118.42
15|65|116.93
15|67|94.32
15|68|50.70
15|69|148.04
15|71|79.37
15|74|108.61
15|77|89.84
15|84|70.84
15|94|108.34
15|97|145.24
15|106|61.74
15|107|120.12
15|110|82.27
15|112|59.84
15|117|67.75
15|118|64.06
15|126|24.31
15|127|62.18
15|128|105.88
15|129|57.37
15|134|45.14
15|136|135.93
15|142|133.93
15|146|25.10
15|151|99.92
15|153|93.02
15|159|131.31
15|160|51.42
15|161|108.14
15|162|120.60
15|168|128.75
15|178|112.90
15|183|146.69
15|186|111.45
15|192|143.20
15|193|129.20
15|195|73.18
15|198|22.23
15|199|99.03
16|17|122.81
16|19|77.55
16|20|60.54
16|25|132.13
16|28|85.79
16|31|74.76
16|32|148.47
16|36|48.83
16|58|30.43
16|61|77.31
16|70|97.45
16|79|134.78
16|81|138.77
16|85|104.97
16|90|33.88
16|96|134.76
16|99|85.65
16|101|90.73
16|105|142.17
16|108|32.30
16|109|69.78
16|111|111.22
16|113|65.40
16|150|72.24
16|157|141.26
16|158|106.44
16|164|143.35
16|166|140.55
16|167|82.57
16|182|51.70
16|185|58.79
16|197|109.72
17|19|88.90
17|20|121.95
17|26|112.17
17|28|106.94
17|29|76.21
17|31|123.11
17|32|100.33
17|36|136.57
17|42|134.69
17|45|77.20
17|46|137.06
17|54|100.80
17|58|94.86
17|61|52.75
17|79|87.52
17|80|128.89
17|81|78.87
17|85|137.65
17|90|118.72
17|98|42.10
17|99|117.17
17|100|101.11
17|101|86.08
17|105|60.96
17|108|116.12
17|111|57.21
17|113|107.08
17|114|56.60
17|115|92.39
17|116|129.57
17|122|131.72
17|131|103.33
17|133|129.69
17|139|137.36
17|147|93.39
17|158|109.64
17|163|40.98
17|164|64.68
17|165|67.16
17|166|137.91
17|170|146.07
17|187|108.04
17|189|120.39
17|191|115.24
17|197|32.13
18|23|149.77
18|30|140.76
18|34|41.23
18|37|74.72
18|43|108.65
18|44|122.67
18|45|130.45
18|51|87.62
18|52|133.39
18|54|105.33
18|55|123.25
18|62|120.52
18|73|145.81
18|76|145.88
18|78|108.45
18|80|75.54
18|87|136.59
18|97|139.59
18|100|106.50
18|104|79.06
18|107|115.66
18|114|147.66
18|115|121.85
18|120|27.24
18|124|138.54
18|133|131.03
18|136|130.76
18|137|124.28
18|144|85.52
18|145|39.47
18|147|121.70
18|149|83.00
18|156|52.78
18|159|101.98
18|162|149.28
18|165|143.98
18|168|146.63
18|170|120.18
18|172|90.68
18|173|24.21
18|174|124.75
18|175|115.92
18|180|141.78
18|183|118.21
18|188|69.06
18|196|35.60
19|20|120.51
19|25|91.73
19|26|132.84
19|28|19.39
19|31|34.84
19|33|149.61
19|35|147.81
19|36|119.80
19|40|147.99
19|42|129.96
19|58|71.11
19|61|79.64
19|70|77.79
19|81|64.80
19|85|51.21
19|88|112.06
19|90|99.45
19|96|79.22
19|98|111.35
19|99|28.69
19|101|13.42
19|105|138.58
19|108|96.48
19|109|131.12
19|111|44.92
19|113|21.60
19|114|142.74
19|122|109.61
19|130|90.86
19|140|114.51
19|150|83.34
19|157|96.38
19|158|33.29
19|163|129.13
19|164|74.81
19|166|69.82
19|167|71.14
19|182|108.20
19|185|132.73
19|187|80.63
19|191|107.29
19|197|59.70
20|28|134.77
20|29|119.98
20|31|129.92
20|32|102.94
20|36|22.84
20|58|49.55
20|61|69.59
20|79|92.45
20|90|26.66
20|99|137.85
20|101|131.47
20|105|112.81
20|108|28.44
20|109|108.97
20|111|137.76
20|113|116.56
20|150|132.42
20|163|134.66
20|167|142.89
20|182|100.44
20|185|81.10
20|189|134.46
20|197|124.76
21|24|115.78
21|33|106.91
21|35|68.49
21|40|87.66
21|42|117.13
21|48|120.41
21|49|89.15
21|53|127.34
21|57|27.03
21|60|97.05
21|72|145.33
21|82|39.76
21|83|132.59
21|88|119.09
21|89|48.66
21|91|66.97
21|92|137.37
21|93|68.32
21|95|52.36
21|102|73.03
21|119|53.17
21|121|40.85
21|122|114.69
21|125|132.89
21|130|125.97
21|132|36.24
21|135|120.88
21|139|137.20
21|141|71.95
21|152|112.73
21|154|67.30
21|166|145.43
21|169|89.52
21|171|86.99
21|176|52.53
21|177|69.84
21|179|78.59
21|187|140.85
21|191|132.11
21|194|75.82
22|27|136.70
22|38|87.12
22|39|65.74
22|47|116.34
22|50|122.23
22|53|115.01
22|56|134.09
22|59|8.44
22|63|83.03
22|64|55.43
22|67|11.31
22|68|73.64
22|72|96.15
22|77|39.10
22|83|141.67
22|84|131.75
22|92|120.25
22|94|78.15
22|106|37.24
22|110|96.23
22|112|102.76
22|117|64.19
22|118|52.79
22|123|64.55
22|126|112.40
22|127|90.38
22|129|130.68
22|134|76.29
22|138|110.18
22|142|53.30
22|143|74.16
22|146|70.41
22|148|94.34
22|151|68.30
22|152|137.16
22|153|88.88
22|160|117.90
22|161|142.36
22|178|89.68
22|181|85.55
22|186|41.65
22|190|143.63
22|193|144.58
22|195|98.47
22|198|76.71
22|199|102.82
23|30|12.30
23|34|118.17
23|55|69.75
23|66|35.58
23|73|29.49
23|76|113.89
23|87|66.80
23|133|139.90
23|149|92.97
23|156|98.12
23|170|122.71
23|174|25.23
23|180|28.23
23|196|125.96
24|48|58.60
24|49|35.24
24|57|90.43
24|60|19.39
24|83|128.64
24|86|37.01
24|89|92.32
24|91|147.95
24|92|149.50
24|95|106.50
24|103|54.86
24|121|99.93
24|132|79.54
24|135|78.83
24|141|56.85
24|154|65.79
24|155|83.38
24|176|82.16
24|179|144.26
24|184|74.93
24|194|140.06
25|28|72.50
25|31|63.96
25|35|142.87
25|40|97.33
25|58|145.01
25|70|38.59
25|81|124.09
25|85|40.99
25|88|63.86
25|91|123.77
25|96|27.15
25|99|63.26
25|101|92.53
25|109|141.65
25|111|125.06
25|113|80.74
25|122|130.70
25|130|67.91
25|140|29.28
25|150|73.12
25|157|10.63
25|158|70.74
25|164|142.51
25|166|62.21
25|167|52.76
25|182|123.81
25|187|115.45
25|191|143.10
25|197|147.23
26|27|124.03
26|28|137.42
26|33|46.46
26|35|91.22
26|42|37.99
26|44|117.27
26|45|133.85
26|46|38.54
26|47|129.07
26|54|140.42
26|75|66.71
26|78|113.78
26|80|149.45
26|81|68.17
26|82|121.48
26|88|143.92
26|93|125.25
26|98|78.32
26|99|146.04
26|100|113.05
26|101|120.07
26|102|83.96
26|104|132.18
26|111|93.18
26|114|112.04
26|115|94.72
26|119|121.49
26|122|58.55
26|125|51.77
26|130|121.45
26|131|44.65
26|136|134.94
26|139|25.24
26|144|137.20
26|147|93.92
26|152|126.32
26|158|121.90
26|163|132.75
26|164|61.19
26|165|136.68
26|166|119.34
26|169|112.77
26|171|66.45
26|177|83.02
26|183|133.26
26|187|65.81
26|190|103.92
26|191|39.58
26|193|125.34
26|197|101.10
27|33|126.42
27|38|120.98
27|39|95.55
27|42|139.85
27|43|94.12
27|44|59.33
27|46|86.54
27|47|46.90
27|52|108.62
27|53|141.56
27|56|110.49
27|59|140.87
27|62|116.15
27|63|121.24
27|67|126.03
27|68|85.30
27|72|135.38
27|75|57.34
27|77|97.84
27|78|78.46
27|93|130.99
27|102|133.50
27|104|107.72
27|106|139.62
27|107|85.01
27|115|145.25
27|117|79.28
27|119|143.24
27|125|84.33
27|127|68.32
27|131|114.35
27|136|49.79
27|139|106.48
27|142|121.03
27|143|125.32
27|144|95.48
27|146|129.69
27|147|143.73
27|152|91.92
27|153|48.60
27|159|97.52
27|161|38.84
27|169|107.98
27|171|134.11
27|177|147.55
27|179|138.44
27|181|133.10
27|183|61.56
27|186|106.48
27|188|118.48
27|190|30.91
27|193|12.66
27|194|142.64
27|198|136.92
28|31|22.44
28|33|148.14
28|35|139.82
28|36|131.48
28|40|132.22
28|42|129.06
28|58|85.29
28|61|98.67
28|70|62.01
28|81|69.87
28|85|31.83
28|88|95.42
28|90|111.89
28|96|60.20
28|98|125.95
28|99|10.60
28|101|22.13
28|108|109.07
28|109|130.26
28|111|57.74
28|113|20.57
28|122|105.88
28|130|76.30
28|140|95.17
28|150|74.14
28|157|77.00
28|158|20.89
28|163|147.54
28|164|83.67
28|166|55.35
28|167|58.06
28|182|107.43
28|185|136.58
28|187|78.68
28|191|107.38
28|197|76.51
29|32|34.40
29|36|141.93
29|45|67.71
29|54|88.46
29|55|139.02
29|58|124.23
29|61|81.06
29|76|95.45
29|79|32.06
29|80|117.55
29|87|141.91
29|90|132.88
29|98|99.30
29|100|111.55
29|105|15.79
29|108|131.69
29|111|132.09
29|114|73.31
29|115|115.78
29|116|58.76
29|133|71.11
29|147|117.28
29|149|136.58
29|163|44.91
29|164|139.91
29|165|54.65
29|170|89.20
29|189|44.44
29|197|106.64
30|34|107.68
30|55|57.85
30|66|47.10
30|73|36.88
30|76|102.80
30|87|55.84
30|116|139.73
30|133|127.91
30|145|146.71
30|149|80.96
30|156|88.48
30|170|110.61
30|174|16.62
30|180|34.36
30|196|115.50
31|36|122.97
31|40|139.84
31|58|82.10
31|61|105.89
31|70|43.23
31|81|92.30
31|85|30.29
31|88|102.15
31|90|104.96
31|96|60.57
31|98|145.94
31|99|14.56
31|101|43.01
31|108|102.43
31|109|110.20
31|111|78.46
31|113|17.31
31|122|126.04
31|130|87.65
31|140|90.76
31|150|51.70
31|157|71.10
31|158|40.18
31|164|105.80
31|166|68.08
31|167|36.56
31|182|87.70
31|185|119.71
31|187|99.91
31|191|128.99
31|197|94.52
32|36|125.76
32|45|101.72
32|54|121.20
32|55|149.20
32|58|120.74
32|61|86.32
32|76|102.24
32|79|15.24
32|80|149.18
32|87|149.00
32|90|121.48
32|98|130.06
32|100|145.70
32|105|42.98
32|108|121.06
32|114|107.37
32|116|66.46
32|133|89.28
32|163|77.00
32|165|88.97
32|170|106.13
32|189|32.37
32|197|127.10
33|35|51.10
33|40|122.51
33|42|19.83
33|44|140.46
33|46|62.09
33|47|114.01
33|57|133.93
33|75|75.26
33|78|143.05
33|81|88.66
33|82|78.46
33|88|122.90
33|89|149.65
33|91|126.86
33|93|82.64
33|95|125.18
33|96|146.36
33|98|122.81
33|101|136.19
33|102|37.90
33|111|119.22
33|115|140.01
33|119|76.36
33|121|125.04
33|122|43.85
33|125|42.36
33|130|106.53
33|131|87.88
33|132|142.24
33|139|31.86
33|147|139.09
33|152|94.94
33|158|128.82
33|164|91.49
33|166|112.68
33|169|75.12
33|171|20.04
33|177|37.21
33|179|109.49
33|187|69.54
33|190|98.54
33|191|42.88
33|193|132.15
33|194|111.32
33|197|134.41
34|37|112.46
34|43|147.52
34|45|111.98
34|51|115.54
34|54|88.62
34|55|82.50
34|66|142.21
34|73|120.83
34|76|105.64
34|78|132.96
34|80|65.29
34|87|95.95
34|100|102.34
34|104|102.51
34|114|133.78
34|115|120.34
34|116|123.60
34|120|67.54
34|133|95.15
34|144|114.00
34|145|70.61
34|147|120.70
34|149|41.77
34|156|23.29
34|159|140.81
34|165|123.63
34|170|81.99
34|172|128.83
34|173|61.43
34|174|93.05
34|180|116.49
34|183|149.28
34|188|107.56
34|196|7.83
35|40|73.67
35|42|53.31
35|46|113.14
35|47|148.44
35|57|93.70
35|75|124.60
35|81|101.62
35|82|31.25
35|85|133.14
35|88|83.23
35|89|103.38
35|91|75.76
35|93|81.68
35|95|105.17
35|96|117.70
35|99|142.87
35|101|135.33
35|102|41.27
35|111|131.63
35|119|66.52
35|121|99.62
35|122|46.21
35|125|90.40
35|130|75.94
35|131|135.52
35|132|104.51
35|139|82.63
35|140|131.24
35|141|139.09
35|152|114.46
35|154|133.26
35|157|134.71
35|158|118.93
35|164|113.24
35|166|90.43
35|169|88.47
35|171|37.04
35|176|111.44
35|177|24.81
35|179|107.06
35|187|73.08
35|190|140.87
35|191|64.38
35|194|106.95
36|58|50.59
36|61|83.91
36|70|145.43
36|79|115.09
36|90|20.83
36|99|132.83
36|101|131.98
36|105|133.94
36|108|23.91
36|109|86.90
36|111|143.99
36|113|111.84
36|150|117.28
36|167|130.42
36|182|80.33
36|185|58.31
36|197|134.61
37|43|86.38
37|44|136.96
37|51|40.15
37|52|91.07
37|56|134.12
37|62|77.08
37|65|86.33
37|74|119.05
37|78|133.13
37|80|145.07
37|97|66.15
37|104|114.65
37|107|95.72
37|120|60.38
37|124|65.47
37|128|108.67
37|136|132.04
37|137|54.69
37|144|108.65
37|145|44.21
37|156|113.78
37|159|82.15
37|161|144.38
37|162|80.33
37|168|75.87
37|172|16.42
37|173|70.78
37|175|42.35
37|183|124.54
37|188|67.58
37|192|105.17
37|196|108.65
38|39|118.06
38|47|77.02
38|48|141.15
38|50|72.79
38|53|30.50
38|59|82.87
38|63|4.19
38|64|131.48
38|67|79.09
38|68|117.94
38|72|15.42
38|75|142.92
38|77|72.41
38|83|71.30
38|92|47.81
38|93|92.37
38|95|104.93
38|102|134.72
38|106|120.20
38|117|99.26
38|118|138.91
38|119|109.48
38|121|118.55
38|123|73.62
38|125|138.57
38|127|122.04
38|135|120.73
38|138|56.40
38|141|139.81
38|142|33.84
38|143|14.42
38|146|142.93
38|148|36.31
38|152|64.58
38|153|94.92
38|154|132.04
38|161|148.65
38|169|86.37
38|179|72.61
38|181|12.89
38|186|51.74
38|190|107.73
38|193|133.26
38|194|75.08
39|41|139.29
39|43|123.39
39|44|137.87
39|47|99.59
39|52|107.76
39|53|148.44
39|56|69.83
39|59|73.61
39|62|121.81
39|63|115.16
39|64|108.30
39|65|146.62
39|67|60.51
39|68|10.89
39|71|122.58
39|72|132.20
39|74|146.30
39|77|46.97
39|84|110.87
39|94|112.61
39|106|48.86
39|107|116.13
39|110|103.40
39|112|91.01
39|117|22.33
39|118|65.22
39|123|127.41
39|126|69.80
39|127|30.46
39|128|140.87
39|129|100.65
39|134|64.93
39|136|116.58
39|142|92.38
39|143|110.90
39|146|35.28
39|148|141.22
39|151|102.16
39|152|139.97
39|153|51.38
39|159|129.98
39|160|91.91
39|161|86.25
39|162|148.90
39|178|121.03
39|181|123.46
39|183|129.37
39|186|69.15
39|190|115.20
39|193|98.66
39|195|98.18
39|198|43.44
39|199|117.88
40|42|117.99
40|57|96.32
40|70|134.24
40|81|132.66
40|82|63.35
40|85|109.82
40|88|37.72
40|89|83.10
40|91|27.32
40|93|140.43
40|95|139.90
40|96|81.80
40|99|129.59
40|101|139.62
40|102|112.48
40|119|122.90
40|121|128.44
40|122|96.27
40|130|57.65
40|132|109.29
40|140|74.37
40|154|148.88
40|157|86.88
40|158|114.74
40|166|78.33
40|167|146.49
40|171|110.66
40|176|93.22
40|177|97.21
40|187|105.96
40|191|117.27
41|43|144.23
41|52|109.99
41|56|89.18
41|62|115.42
41|65|68.62
41|68|140.94
41|69|133.77
41|71|16.76
41|74|36.34
41|84|84.29
41|97|91.77
41|107|146.10
41|110|134.20
41|112|106.71
41|118|146.02
41|124|119.60
41|126|76.13
41|127|144.13
41|128|46.20
41|129|70.31
41|134|119.28
41|137|137.58
41|146|118.46
41|159|148.57
41|160|82.59
41|162|74.63
41|168|79.09
41|172|138.93
41|175|113.76
41|192|65.65
41|195|123.05
41|198|111.79
41|199|148.04
42|44|146.66
42|46|65.60
42|47|131.73
42|57|143.76
42|75|85.32
42|78|146.55
42|81|68.88
42|82|83.91
42|85|134.98
42|88|112.58
42|91|126.57
42|93|101.11
42|95|141.15
42|96|131.38
42|98|108.30
42|99|135.72
42|101|116.55
42|102|54.30
42|111|99.57
42|113|147.78
42|114|145.68
42|115|132.38
42|119|93.20
42|121|139.71
42|122|27.88
42|125|55.95
42|130|93.35
42|131|82.53
42|139|35.74
42|147|131.64
42|152|114.72
42|158|110.14
42|164|72.63
42|166|96.80
42|169|94.80
42|171|34.89
42|177|48.43
42|179|128.21
42|187|50.38
42|190|113.70
42|191|23.06
42|193|144.29
42|194|129.82
42|197|115.50
43|44|64.84
43|46|145.77
43|47|139.50
43|51|126.53
43|52|34.52
43|56|75.54
43|62|30.65
43|65|92.04
43|68|114.11
43|71|133.47
43|74|119.88
43|75|128.32
43|78|72.52
43|80|140.17
43|97|99.29
43|100|144.22
43|104|75.56
43|107|9.34
43|115|147.01
43|117|124.36
43|120|81.47
43|124|127.23
43|126|135.75
43|127|97.15
43|128|107.24
43|131|149.83
43|136|50.78
43|137|127.70
43|144|59.11
43|145|109.48
43|146|141.46
43|147|145.81
43|153|112.33
43|159|6.71
43|161|58.00
43|162|88.66
43|168|92.53
43|172|85.24
43|173|86.12
43|175|88.50
43|183|48.93
43|188|39.96
43|190|123.03
43|192|131.33
43|193|82.29
43|196|140.38
43|198|143.96
44|45|146.03
44|46|81.24
44|47|103.74
44|52|95.00
44|54|131.56
44|56|121.09
44|62|95.06
44|68|126.99
44|75|67.48
44|78|20.30
44|80|114.52
44|98|141.70
44|100|102.13
44|104|48.40
44|107|59.39
44|114|142.35
44|115|97.90
44|117|127.92
44|120|101.66
44|125|101.58
44|127|107.42
44|131|87.13
44|136|22.91
44|139|111.15
44|144|37.19
44|145|142.56
44|147|96.45
44|152|142.26
44|153|102.03
44|159|64.03
44|161|51.96
44|172|141.30
44|173|99.21
44|183|16.12
44|188|69.92
44|190|76.96
44|193|47.99
44|196|142.51
45|46|137.92
45|54|25.13
45|55|130.96
45|61|117.21
45|76|105.06
45|78|126.55
45|79|98.95
45|80|55.52
45|81|138.31
45|87|139.78
45|98|65.79
45|100|44.03
45|104|111.29
45|105|66.26
45|111|127.96
45|114|25.25
45|115|51.40
45|116|83.76
45|120|140.29
45|131|98.80
45|133|68.18
45|144|128.43
45|147|52.90
45|149|108.35
45|156|131.95
45|163|42.86
45|164|119.26
45|165|14.31
45|170|79.81
45|173|129.84
45|189|99.26
45|196|109.22
45|197|106.21
46|47|98.71
46|54|137.49
46|75|30.15
46|78|81.37
46|80|138.45
46|81|106.08
46|82|139.97
46|93|120.84
46|98|97.25
46|100|106.06
46|102|91.38
46|104|104.78
46|107|139.55
46|111|128.86
46|114|120.89
46|115|89.80
46|119|122.59
46|122|91.77
46|125|35.08
46|131|39.42
46|136|97.30
46|139|30.74
46|144|106.20
46|147|88.55
46|152|108.40
46|153|131.88
46|159|145.25
46|161|113.04
46|163|148.30
46|164|96.69
46|165|144.46
46|169|102.73
46|171|79.58
46|177|97.27
46|179|142.84
46|183|96.86
46|187|103.78
46|188|147.04
46|190|70.09
46|191|75.88
46|193|87.05
46|194|146.04
46|197|132.74
47|50|149.30
47|52|149.23
47|53|95.07
47|56|139.80
47|59|117.93
47|63|78.02
47|67|105.02
47|68|92.41
47|72|90.47
47|75|70.38
47|77|78.94
47|78|121.17
47|83|140.82
47|92|119.84
47|93|91.54
47|95|133.75
47|102|107.61
47|106|131.58
47|107|130.22
47|117|77.76
47|119|106.38
47|121|144.29
47|123|139.90
47|125|78.66
47|127|83.30
47|131|135.38
47|136|96.66
47|138|133.10
47|139|105.76
47|142|85.08
47|143|83.92
47|144|140.77
47|146|134.42
47|148|113.32
47|152|48.43
47|153|50.14
47|159|143.42
47|161|81.90
47|169|69.98
47|171|114.62
47|177|123.69
47|179|94.08
47|181|89.70
47|183|108.07
47|186|77.73
47|190|31.47
47|193|59.56
47|194|98.29
47|198|142.84
48|49|42.05
48|50|97.59
48|53|111.62
48|57|103.66
48|60|53.86
48|63|143.73
48|72|126.55
48|83|73.43
48|86|80.78
48|89|120.62
48|92|96.14
48|93|133.24
48|95|85.47
48|103|83.84
48|119|134.58
48|121|86.88
48|132|90.57
48|135|21.43
48|138|105.73
48|141|49.36
48|143|147.95
48|148|120.81
48|154|53.11
48|155|42.21
48|176|111.84
48|179|112.89
48|181|135.32
48|184|39.03
48|194|109.18
49|50|130.14
49|53|126.70
49|57|67.39
49|60|18.54
49|72|144.43
49|82|128.67
49|83|99.94
49|86|71.00
49|89|79.85
49|91|134.30
49|92|118.83
49|93|121.95
49|95|71.77
49|103|85.05
49|119|117.82
49|121|66.44
49|132|54.62
49|135|56.16
49|138|134.52
49|141|22.01
49|148|145.33
49|154|30.82
49|155|80.80
49|169|144.03
49|176|70.60
49|179|109.04
49|184|74.85
49|194|104.85
50|53|59.66
50|59|114.41
50|60|146.95
50|63|72.69
50|64|140.50
50|67|120.41
50|72|58.84
50|77|129.19
50|83|33.95
50|92|35.06
50|93|132.38
50|95|113.77
50|119|145.08
50|121|125.58
50|123|65.21
50|135|76.81
50|138|16.45
50|141|121.64
50|142|84.23
50|143|70.54
50|148|37.44
50|152|125.47
50|154|117.44
50|155|98.99
50|169|138.21
50|179|105.27
50|181|60.89
50|184|106.21
50|186|107.37
50|194|104.69
51|52|129.30
51|62|115.68
51|65|110.27
51|74|138.93
51|97|83.61
51|104|146.92
51|107|135.87
51|120|85.24
51|124|62.54
51|128|130.99
51|137|44.01
51|144|143.78
51|145|48.18
51|149|149.59
51|156|108.62
51|159|122.22
51|162|104.74
51|168|98.09
51|172|46.03
51|173|94.28
51|175|64.19
51|188|104.84
51|192|115.75
51|196|114.35
52|56|46.65
52|62|14.19
52|65|63.97
52|68|100.44
52|71|98.95
52|74|87.76
52|77|147.98
52|78|105.61
52|97|79.05
52|104|110.04
52|107|36.28
52|117|114.75
52|120|106.48
52|124|112.97
52|126|105.44
52|127|87.57
52|128|75.51
52|129|133.62
52|134|143.32
52|136|76.38
52|137|118.49
52|144|93.63
52|145|125.00
52|146|118.33
52|153|111.81
52|159|39.61
52|160|136.33
52|161|69.80
52|162|62.10
52|168|67.96
52|172|83.62
52|173|113.19
52|175|76.38
52|183|78.93
52|188|69.08
52|190|139.40
52|192|104.31
52|193|98.84
52|198|119.21
53|57|134.67
53|59|109.81
53|60|145.24
53|63|33.82
53|67|107.96
53|68|148.00
53|72|18.91
53|77|102.91
53|83|45.81
53|92|25.78
53|93|77.87
53|95|78.13
53|102|124.73
53|106|149.50
53|117|129.26
53|119|93.16
53|121|91.81
53|123|87.08
53|125|141.97
53|132|127.96
53|135|91.73
53|138|45.89
53|141|109.63
53|142|62.24
53|143|41.05
53|148|34.98
53|152|65.86
53|153|122.16
53|154|102.05
53|155|133.15
53|169|79.71
53|171|142.46
53|177|139.02
53|179|52.88
53|181|29.57
53|184|137.32
53|186|82.01
53|190|123.01
53|194|53.98
54|55|119.50
54|61|142.32
54|76|102.50
54|78|111.42
54|79|120.43
54|80|30.55
54|87|129.98
54|98|82.47
54|100|32.52
54|104|92.00
54|105|89.47
54|111|148.49
54|114|45.17
54|115|47.74
54|116|89.92
54|120|115.55
54|131|100.32
54|133|67.14
54|144|109.39
54|145|144.77
54|147|48.95
54|149|90.86
54|156|109.65
54|163|67.99
54|164|135.94
54|165|38.97
54|170|73.35
54|173|105.10
54|183|140.10
54|188|133.97
54|189|113.27
54|196|85.25
54|197|128.25
55|66|104.95
55|73|91.90
55|76|47.30
55|80|116.47
55|87|13.53
55|100|148.41
55|116|83.08
55|120|149.99
55|133|70.16
55|145|144.41
55|149|41.74
55|156|74.82
55|165|135.07
55|170|53.24
55|173|143.82
55|174|56.03
55|180|88.32
55|189|118.64
55|196|89.40
56|59|142.31
56|62|60.24
56|65|77.37
56|67|130.04
56|68|65.71
56|71|73.78
56|74|83.16
56|77|115.24
56|78|136.68
56|84|109.18
56|97|102.96
56|104|148.43
56|106|107.52
56|107|72.58
56|110|132.71
56|112|107.69
56|117|83.46
56|118|114.28
56|124|140.34
56|126|60.22
56|127|60.67
56|128|75.02
56|129|91.30
56|134|96.73
56|136|98.66
56|144|131.13
56|146|72.94
56|153|92.88
56|159|81.90
56|160|91.97
56|161|77.35
56|162|79.27
56|168|87.34
56|172|123.97
56|175|109.85
56|183|106.68
56|186|137.07
56|188|114.08
56|190|140.13
56|192|112.40
56|193|105.10
56|195|122.84
56|198|73.02
56|199|149.60
57|60|72.36
57|82|63.21
57|83|130.54
57|86|126.05
57|88|131.70
57|89|29.50
57|91|70.95
57|92|139.85
57|93|88.59
57|95|56.58
57|102|99.82
57|103|145.29
57|119|75.89
57|121|42.88
57|122|139.72
57|130|142.90
57|132|13.11
57|135|108.41
57|141|54.40
57|152|132.06
57|154|52.72
57|155|145.50
57|169|111.17
57|171|114.02
57|176|29.11
57|177|96.82
57|179|92.08
57|184|140.73
57|194|88.53
58|61|47.03
58|70|114.81
58|79|106.48
58|81|123.72
58|85|111.42
58|90|29.76
58|96|142.01
58|98|134.57
58|99|88.84
58|101|82.50
58|105|111.88
58|108|26.68
58|109|99.74
58|111|93.65
58|113|67.63
58|114|148.75
58|150|95.91
58|158|103.87
58|163|121.34
58|164|124.61
58|166|140.16
58|167|100.94
58|182|82.13
58|185|84.45
58|187|146.85
58|197|86.50
59|63|78.72
59|64|54.00
59|67|15.20
59|68|81.15
59|72|90.90
59|77|43.07
59|83|134.71
59|84|138.77
59|92|113.72
59|94|80.01
59|106|45.04
59|110|101.38
59|112|109.51
59|117|70.67
59|118|59.22
59|123|56.11
59|126|120.65
59|127|97.36
59|129|138.28
59|134|83.61
59|138|102.73
59|142|49.12
59|143|69.40
59|146|78.79
59|148|87.53
59|151|70.70
59|152|135.79
59|153|93.71
59|160|125.39
59|161|148.34
59|178|91.70
59|181|80.25
59|186|41.19
59|190|146.15
59|193|149.25
59|195|104.33
59|198|84.98
59|199|106.87
60|82|135.43
60|83|117.64
60|86|56.40
60|89|77.82
60|91|133.58
60|92|137.06
60|93|137.27
60|95|87.74
60|103|73.52
60|119|131.61
60|121|80.70
60|132|60.90
60|135|71.29
60|141|38.56
60|154|47.49
60|155|87.15
60|176|67.82
60|179|126.12
60|184|79.79
60|194|121.91
61|70|146.27
61|79|71.08
61|81|107.17
61|85|129.96
61|90|66.77
61|98|94.71
61|99|106.39
61|100|149.74
61|101|85.07
61|105|67.17
61|108|64.36
61|109|146.77
61|111|76.59
61|113|88.65
61|114|102.93
61|115|143.41
61|116|139.63
61|147|144.54
61|150|135.22
61|158|110.96
61|163|74.37
61|164|100.87
61|165|103.95
61|166|146.24
61|167|134.52
61|182|128.84
61|185|129.84
61|187|135.14
61|189|116.11
61|197|57.97
62|65|61.54
62|68|114.31
62|71|105.95
62|74|89.45
62|78|103.11
62|97|71.61
62|104|103.66
62|107|35.93
62|117|128.20
62|120|93.89
62|124|103.28
62|126|117.99
62|127|100.85
62|128|76.75
62|129|144.89
62|136|78.87
62|137|107.20
62|144|88.15
62|145|110.91
62|146|132.38
62|153|123.62
62|159|33.69
62|160|148.36
62|161|77.54
62|162|58.43
62|168|62.92
62|172|70.31
62|173|101.13
62|175|65.51
62|183|79.00
62|188|58.68
62|190|146.52
62|192|101.21
62|193|105.52
62|198|133.09
63|64|127.32
63|67|75.12
63|68|115.34
63|72|17.28
63|75|144.79
63|77|69.19
63|83|73.12
63|92|49.48
63|93|96.46
63|95|108.97
63|102|138.53
63|106|116.32
63|117|96.73
63|118|134.93
63|119|113.59
63|121|122.61
63|123|70.19
63|125|141.28
63|127|120.00
63|135|123.14
63|138|56.25
63|141|143.36
63|142|29.73
63|143|10.36
63|146|139.49
63|148|35.65
63|151|149.03
63|152|67.89
63|153|93.61
63|154|135.66
63|161|148.04
63|169|90.11
63|179|76.80
63|181|11.86
63|186|48.20
63|190|109.00
63|193|133.42
63|194|79.27
63|198|147.72
64|67|66.72
64|68|118.44
64|72|136.04
64|77|94.27
64|84|123.57
64|94|35.42
64|106|60.71
64|110|73.71
64|112|94.61
64|117|114.49
64|118|54.79
64|123|75.52
64|126|126.48
64|127|137.47
64|129|130.42
64|134|79.86
64|138|133.91
64|142|99.43
64|143|117.15
64|146|94.56
64|148|125.16
64|151|31.66
64|153|142.52
64|160|117.13
64|178|46.13
64|181|125.72
64|186|95.17
64|195|81.88
64|198|96.25
64|199|70.75
65|68|143.06
65|71|67.17
65|74|33.85
65|84|141.35
65|97|28.80
65|107|97.32
65|120|132.91
65|124|65.42
65|126|109.97
65|127|136.77
65|128|22.42
65|129|123.58
65|136|139.67
65|137|79.29
65|144|147.04
65|145|130.39
65|146|141.85
65|159|94.22
65|160|132.15
65|161|133.02
65|162|6.02
65|168|12.46
65|172|70.71
65|173|142.54
65|175|46.51
65|183|140.51
65|188|110.65
65|192|40.34
65|198|138.73
66|73|22.14
66|76|149.47
66|87|102.38
66|149|123.74
66|156|119.99
66|174|53.36
66|180|26.18
66|196|149.69
67|68|67.24
67|72|89.30
67|77|28.20
67|83|137.46
67|84|136.95
67|92|115.29
67|94|88.91
67|106|41.69
67|110|104.52
67|112|108.67
67|117|55.75
67|118|59.82
67|123|67.04
67|126|113.59
67|127|82.72
67|129|134.44
67|134|81.18
67|138|107.34
67|142|45.72
67|143|66.91
67|146|70.89
67|148|90.10
67|151|78.86
67|152|126.63
67|153|78.60
67|160|122.05
67|161|133.18
67|178|100.34
67|179|149.93
67|181|78.86
67|186|31.13
67|190|132.39
67|193|134.21
67|195|105.85
67|198|78.02
67|199|112.15
68|71|124.18
68|72|132.56
68|74|145.22
68|75|141.83
68|77|49.56
68|78|146.89
68|84|118.67
68|94|123.48
68|106|59.54
68|107|106.58
68|110|113.79
68|112|100.27
68|117|18.79
68|118|76.11
68|123|133.41
68|126|75.01
68|127|19.60
68|128|138.92
68|129|107.31
68|134|74.96
68|136|105.75
68|142|94.67
68|143|112.00
68|146|44.57
68|148|143.36
68|151|113.01
68|152|134.75
68|153|42.96
68|159|120.63
68|160|99.44
68|161|75.41
68|162|144.94
68|178|131.93
68|181|124.38
68|183|118.59
68|186|71.38
68|190|106.09
68|193|88.01
68|195|108.22
68|198|52.25
68|199|128.48
69|71|134.67
69|84|77.49
69|94|125.41
69|110|93.82
69|112|94.58
69|118|138.34
69|126|127.73
69|129|94.00
69|134|122.64
69|146|149.90
69|151|130.28
69|160|96.71
69|178|115.60
69|195|92.49
69|198|141.79
69|199|90.54
70|81|128.36
70|85|41.91
70|88|98.58
70|90|131.11
70|96|54.80
70|99|51.45
70|101|84.11
70|108|129.21
70|109|103.49
70|111|119.74
70|113|59.78
70|122|149.95
70|130|95.24
70|140|67.46
70|150|34.60
70|157|49.09
70|158|71.59
70|164|144.24
70|166|82.01
70|167|15.04
70|182|85.23
70|185|123.89
70|187|128.52
70|197|137.44
71|74|39.95
71|84|76.44
71|97|93.41
71|106|137.12
71|107|134.51
71|110|123.74
71|112|95.58
71|117|142.84
71|118|131.84
71|124|124.77
71|126|60.75
71|127|127.56
71|128|45.84
71|129|60.29
71|134|105.42
71|137|141.80
71|146|102.53
71|159|138.26
71|160|71.38
71|162|73.05
71|168|78.91
71|172|137.72
71|175|113.62
71|192|73.80
71|195|112.42
71|198|96.17
71|199|138.47
72|77|85.90
72|83|55.94
72|92|32.40
72|93|91.89
72|95|96.85
72|102|136.96
72|106|130.92
72|117|113.99
72|118|148.74
72|119|108.18
72|121|110.55
72|123|71.32
72|125|147.03
72|127|137.24
72|132|146.85
72|135|105.89
72|138|42.76
72|141|127.99
72|142|43.67
72|143|22.52
72|148|24.61
72|152|71.19
72|153|110.34
72|154|120.59
72|155|144.08
72|169|89.76
72|179|68.94
72|181|10.66
72|184|149.12
72|186|64.41
72|190|120.51
72|193|147.78
72|194|70.66
73|76|138.37
73|87|91.92
73|145|141.63
73|149|105.15
73|156|98.32
73|170|142.69
73|174|36.53
73|180|4.38
73|196|128.20
74|84|116.37
74|97|55.43
74|107|123.61
74|112|134.76
74|124|84.89
74|126|95.14
74|127|143.46
74|128|12.79
74|129|100.11
74|134|141.74
74|137|102.22
74|146|133.46
74|159|123.12
74|160|110.71
74|162|39.72
74|168|43.18
74|172|102.99
74|175|77.58
74|188|142.91
74|192|35.26
74|198|128.50
75|77|145.21
75|78|75.06
75|81|134.88
75|82|147.28
75|93|111.35
75|98|125.66
75|100|122.89
75|102|93.98
75|104|103.56
75|107|120.94
75|114|145.33
75|115|109.02
75|117|133.50
75|119|117.35
75|122|113.07
75|125|34.33
75|127|125.54
75|131|65.01
75|136|77.72
75|139|50.31
75|144|99.97
75|147|107.60
75|152|88.88
75|153|101.76
75|159|129.03
75|161|87.61
75|164|126.50
75|169|90.10
75|171|87.97
75|177|104.31
75|179|129.26
75|183|81.02
75|186|147.46
75|187|129.52
75|188|137.22
75|190|40.42
75|191|100.42
75|193|59.62
75|194|132.94
76|79|113.91
76|80|111.91
76|87|47.09
76|100|134.81
76|105|110.08
76|114|128.43
76|115|149.96
76|116|37.15
76|133|36.87
76|149|66.67
76|156|107.55
76|163|122.32
76|165|104.61
76|170|30.87
76|174|103.10
76|180|134.99
76|189|71.35
76|196|110.32
77|83|139.71
77|84|145.04
77|92|116.24
77|93|148.60
77|94|113.10
77|106|55.00
77|107|148.03
77|110|121.40
77|112|119.38
77|117|33.23
77|118|75.93
77|123|86.64
77|126|112.42
77|127|60.61
77|129|138.91
77|134|90.80
77|136|135.38
77|138|114.18
77|142|45.44
77|143|64.17
77|146|70.91
77|148|94.29
77|151|102.58
77|152|106.91
77|153|50.82
77|160|127.89
77|161|106.86
77|169|133.39
77|178|124.05
77|179|136.94
77|181|76.79
77|183|148.91
77|186|22.18
77|190|104.93
77|193|106.21
77|194|140.36
77|195|120.38
77|198|79.36
77|199|131.66
78|80|94.31
78|98|127.24
78|100|82.54
78|104|30.49
78|107|69.35
78|114|124.28
78|115|79.76
78|117|148.18
78|120|90.26
78|125|107.42
78|127|127.30
78|131|77.76
78|136|41.52
78|139|112.11
78|144|25.21
78|145|132.55
78|147|78.38
78|153|122.26
78|159|69.88
78|161|71.58
78|165|139.14
78|172|139.73
78|173|86.11
78|183|30.34
78|188|65.77
78|190|92.59
78|193|67.70
78|196|125.18
79|80|149.61
79|90|109.10
79|98|119.84
79|100|142.32
79|105|34.79
79|108|108.45
79|111|137.39
79|114|101.05
79|115|144.97
79|116|77.20
79|133|97.03
79|147|146.44
79|163|68.78
79|165|85.33
79|170|114.59
79|189|46.36
79|197|113.04
80|87|128.73
80|98|104.65
80|100|37.28
80|104|69.56
80|105|119.64
80|107|142.82
80|114|72.31
80|115|55.59
80|116|108.82
80|120|85.04
80|131|105.80
80|133|81.57
80|136|133.46
80|144|86.59
80|145|115.00
80|147|56.11
80|149|80.19
80|156|88.09
80|159|134.19
80|163|98.27
80|165|69.51
80|170|81.05
80|173|74.58
80|174|149.10
80|183|120.28
80|188|105.75
80|189|137.55
80|196|60.25
81|82|130.76
81|85|88.26
81|88|107.27
81|96|99.96
81|98|73.02
81|99|79.10
81|100|139.25
81|101|51.90
81|102|120.75
81|105|139.83
81|111|31.12
81|113|85.10
81|114|113.07
81|115|122.51
81|122|56.13
81|125|116.02
81|130|80.90
81|131|93.96
81|139|89.05
81|140|134.73
81|147|122.56
81|150|144.00
81|157|123.16
81|158|56.86
81|163|115.76
81|164|19.45
81|165|133.96
81|166|68.35
81|167|127.16
81|171|101.69
81|177|110.33
81|187|29.38
81|191|45.89
81|197|51.59
82|85|148.75
82|88|86.67
82|89|72.37
82|91|54.50
82|93|77.14
82|95|84.91
82|96|127.99
82|102|54.52
82|119|59.65
82|121|76.47
82|122|76.67
82|125|113.10
82|130|88.85
82|132|74.69
82|139|110.28
82|140|133.00
82|141|111.68
82|152|117.81
82|154|106.77
82|157|140.86
82|158|140.09
82|164|143.56
82|166|107.29
82|169|91.49
82|171|60.52
82|176|80.23
82|177|43.17
82|179|97.74
82|187|101.58
82|191|95.55
82|194|96.43
83|92|23.70
83|93|105.06
83|95|80.52
83|119|115.79
83|121|91.93
83|123|93.29
83|132|120.33
83|135|52.06
83|138|34.63
83|141|89.13
83|142|94.78
83|143|75.76
83|148|47.40
83|152|107.61
83|154|84.28
83|155|88.23
83|169|114.90
83|179|77.90
83|181|63.36
83|184|93.18
83|186|117.61
83|194|76.43
84|94|95.01
84|106|95.28
84|110|52.26
84|112|29.88
84|117|132.87
84|118|79.93
84|126|50.38
84|127|132.61
84|128|121.51
84|129|18.73
84|134|55.78
84|146|76.45
84|151|93.12
84|160|19.45
84|162|146.88
84|178|91.65
84|192|149.36
84|195|42.16
84|198|67.85
84|199|64.33
85|88|72.10
85|90|135.15
85|91|137.05
85|96|30.59
85|99|23.69
85|101|51.58
85|108|132.59
85|109|133.83
85|111|84.94
85|113|43.99
85|122|108.54
85|130|59.96
85|140|63.67
85|150|67.68
85|157|45.18
85|158|31.82
85|164|105.39
85|166|42.71
85|167|45.98
85|182|112.40
85|185|147.17
85|187|86.62
85|191|115.99
85|197|106.41
86|89|123.83
86|95|142.76
86|103|22.82
86|121|136.75
86|132|115.82
86|135|102.20
86|141|92.99
86|154|101.82
86|155|88.28
86|176|113.83
86|184|79.02
87|116|84.18
87|133|75.85
87|149|55.26
87|156|87.46
87|165|142.81
87|170|60.41
87|174|57.97
87|180|88.76
87|189|117.51
87|196|102.90
88|89|120.63
88|91|64.97
88|96|44.67
88|99|92.18
88|101|104.84
88|102|124.49
88|111|123.92
88|113|113.44
88|119|144.49
88|122|86.07
88|130|26.38
88|132|144.80
88|139|148.32
88|140|48.02
88|150|132.26
88|157|54.21
88|158|79.18
88|164|126.43
88|166|43.97
88|167|109.98
88|171|116.73
88|176|130.78
88|177|107.95
88|187|85.00
88|191|104.52
88|197|149.37
89|91|55.80
89|93|115.83
89|95|85.98
89|102|119.28
89|103|145.28
89|119|101.59
89|121|72.29
89|122|147.10
89|130|136.63
89|132|37.14
89|135|129.35
89|141|74.01
89|154|75.25
89|169|137.74
89|171|130.52
89|176|10.16
89|177|112.77
89|179|121.32
89|194|117.85
90|99|113.92
90|101|111.43
90|105|123.09
90|108|3.08
90|109|88.70
90|111|123.27
90|113|92.72
90|150|105.85
90|158|131.45
90|163|139.20
90|167|116.31
90|182|76.86
90|185|65.44
90|197|114.63
91|93|127.66
91|95|119.02
91|96|109.10
91|102|108.65
91|119|110.26
91|121|106.62
91|122|109.29
91|130|82.96
91|132|83.63
91|140|99.21
91|141|124.78
91|154|123.65
91|157|113.22
91|158|140.52
91|166|103.99
91|169|144.61
91|171|111.62
91|176|65.91
91|177|95.61
91|179|143.61
91|187|124.45
91|191|130.53
91|194|141.32
92|93|97.82
92|95|85.35
92|102|145.75
92|117|145.66
92|119|111.26
92|121|98.33
92|123|78.22
92|132|131.12
92|135|74.99
92|138|24.38
92|141|105.18
92|142|71.62
92|143|52.16
92|148|26.61
92|152|91.34
92|153|142.72
92|154|98.99
92|155|111.69
92|169|103.16
92|179|70.96
92|181|39.68
92|184|116.83
92|186|94.20
92|190|148.44
92|194|70.77
93|95|50.35
93|102|48.09
93|119|17.56
93|121|56.89
93|122|115.17
93|125|85.79
93|132|89.60
93|135|122.36
93|138|121.67
93|139|102.24
93|141|99.94
93|142|124.13
93|143|106.79
93|148|112.79
93|152|44.42
93|153|139.72
93|154|91.23
93|169|23.12
93|171|67.00
93|176|117.58
93|177|61.33
93|179|27.27
93|181|100.57
93|186|134.44
93|187|144.64
93|190|101.45
93|191|123.23
93|193|142.28
93|194|28.71
94|106|64.70
94|110|42.83
94|112|68.65
94|117|124.92
94|118|47.96
94|123|110.79
94|126|109.64
94|127|143.07
94|129|105.25
94|134|63.91
94|142|128.70
94|143|147.99
94|146|88.46
94|151|10.74
94|160|92.75
94|178|11.73
94|186|119.80
94|195|53.04
94|198|86.87
94|199|36.09
95|102|87.35
95|119|49.15
95|121|13.70
95|122|148.09
95|125|135.48
95|132|50.93
95|135|78.48
95|138|108.85
95|139|149.38
95|141|49.78
95|142|138.67
95|143|117.93
95|148|109.02
95|152|85.62
95|154|40.96
95|155|125.21
95|169|72.26
95|171|106.42
95|176|83.75
95|177|94.12
95|179|39.99
95|181|107.45
95|184|123.94
95|190|149.11
95|194|35.86
96|99|53.73
96|101|76.38
96|111|105.21
96|113|74.52
96|122|103.56
96|130|41.86
96|140|36.65
96|150|87.81
96|157|23.38
96|158|51.43
96|164|118.94
96|166|35.26
96|167|65.42
96|171|145.59
96|177|140.97
96|182|136.62
96|187|88.92
96|191|116.15
96|197|129.04
97|107|106.50
97|120|120.57
97|124|37.48
97|126|138.77
97|128|47.59
97|136|149.71
97|137|50.49
97|144|147.53
97|145|109.98
97|159|99.54
97|161|148.50
97|162|24.64
97|168|16.54
97|172|49.73
97|173|130.82
97|175|23.83
97|183|147.98
97|188|107.31
97|192|39.97
98|99|136.54
98|100|70.42
98|101|103.82
98|104|127.61
98|105|87.17
98|111|68.34
98|113|132.28
98|114|40.62
98|115|56.88
98|116|140.75
98|122|113.49
98|125|125.95
98|131|61.62
98|133|131.78
98|139|102.46
98|144|141.07
98|147|57.50
98|158|121.60
98|163|54.48
98|164|53.72
98|165|63.50
98|166|140.91
98|170|145.06
98|171|141.99
98|187|97.41
98|189|142.60
98|191|93.54
98|197|53.59
99|101|32.73
99|108|111.22
99|109|124.68
99|111|68.30
99|113|21.29
99|122|111.49
99|130|75.46
99|140|87.32
99|150|65.46
99|157|68.53
99|158|25.62
99|164|93.63
99|166|55.17
99|167|48.15
99|182|102.10
99|185|133.32
99|187|85.44
99|191|114.60
99|197|86.99
100|104|68.67
100|105|108.62
100|107|144.48
100|111|138.73
100|114|47.01
100|115|18.45
100|116|121.79
100|120|108.85
100|125|141.13
100|131|70.48
100|133|99.66
100|136|124.06
100|139|128.40
100|144|85.39
100|145|144.98
100|147|19.14
100|149|115.39
100|156|125.30
100|159|139.25
100|163|79.51
100|164|119.98
100|165|57.02
100|170|105.17
100|173|98.82
100|183|112.35
100|188|117.07
100|189|142.24
100|191|144.81
100|193|145.64
100|196|96.89
100|197|122.66
101|105|139.68
101|108|108.42
101|109|144.17
101|111|35.69
101|113|33.28
101|114|137.54
101|122|96.38
101|130|82.03
101|131|141.97
101|139|140.54
101|140|112.71
101|150|93.79
101|157|95.78
101|158|26.05
101|163|126.97
101|164|63.28
101|166|61.38
101|167|79.46
101|171|145.78
101|182|121.23
101|185|146.15
101|187|67.29
101|191|93.89
101|197|54.94
102|119|38.91
102|121|87.24
102|122|67.21
102|125|60.51
102|130|115.50
102|131|123.03
102|132|106.80
102|139|65.12
102|141|131.63
102|143|148.80
102|152|73.83
102|154|124.01
102|164|126.67
102|166|127.56
102|169|48.60
102|171|19.44
102|176|124.82
102|177|16.59
102|179|75.34
102|181|144.58
102|187|96.61
102|190|102.80
102|191|75.62
102|193|142.11
102|194|76.49
103|132|134.31
103|135|104.43
103|141|106.78
103|154|115.23
103|155|79.86
103|176|135.19
103|184|71.03
104|107|76.19
104|114|114.92
104|115|72.86
104|120|63.91
104|125|134.28
104|127|149.81
104|131|90.62
104|136|64.58
104|139|135.09
104|144|17.40
104|145|106.64
104|147|71.81
104|149|135.91
104|153|149.10
104|156|123.50
104|159|70.61
104|161|94.50
104|163|148.05
104|165|125.03
104|170|149.50
104|172|124.08
104|173|58.05
104|175|140.69
104|183|51.15
104|188|52.08
104|190|123.08
104|193|96.29
104|196|94.72
105|108|121.63
105|111|116.41
105|114|66.28
105|115|110.37
105|116|73.85
105|131|144.05
105|133|83.32
105|147|111.83
105|149|147.14
105|163|34.26
105|164|125.16
105|165|52.13
105|170|101.38
105|189|59.44
105|197|90.99
106|110|66.40
106|112|67.11
106|117|60.35
106|118|21.05
106|123|99.86
106|126|76.39
106|127|79.08
106|129|93.46
106|134|39.51
106|138|147.40
106|142|87.27
106|143|108.47
106|146|36.65
106|148|131.18
106|151|54.04
106|153|91.60
106|160|80.77
106|161|134.85
106|178|74.11
106|181|120.52
106|186|69.63
106|193|144.65
106|195|65.80
106|198|41.25
106|199|77.22
107|115|146.09
107|117|116.14
107|120|88.65
107|124|135.52
107|126|132.60
107|127|89.14
107|128|111.16
107|131|145.69
107|136|43.22
107|137|136.53
107|144|59.11
107|145|118.18
107|146|135.74
107|147|144.83
107|153|103.25
107|159|14.65
107|161|48.66
107|162|94.35
107|168|98.77
107|172|94.42
107|173|92.60
107|175|96.83
107|183|43.27
107|188|46.60
107|190|114.19
107|192|137.13
107|193|73.31
107|196|146.49
107|198|138.69
108|109|89.45
108|111|120.20
108|113|90.00
108|150|104.48
108|158|128.55
108|163|137.16
108|167|114.46
108|182|76.90
108|185|67.05
108|197|111.68
109|113|111.61
109|150|69.06
109|167|91.23
109|182|22.96
109|185|32.54
110|112|28.49
110|117|121.60
110|118|45.57
110|123|144.76
110|126|75.68
110|127|132.16
110|129|63.91
110|134|39.56
110|142|149.51
110|146|70.55
110|151|42.21
110|160|52.41
110|178|39.78
110|186|134.75
110|195|11.36
110|198|65.09
110|199|16.90
111|113|66.51
111|114|103.67
111|115|124.30
111|122|86.85
111|125|143.60
111|130|98.17
111|131|108.58
111|139|116.32
111|140|141.78
111|147|124.72
111|150|128.25
111|157|126.77
111|158|54.45
111|163|97.62
111|164|32.21
111|165|120.72
111|166|80.71
111|167|115.01
111|171|132.77
111|177|141.36
111|187|58.56
111|191|76.75
111|197|25.47
112|117|111.82
112|118|50.38
112|126|48.60
112|127|116.78
112|128|137.57
112|129|36.63
112|134|28.58
112|146|55.77
112|151|65.16
112|153|142.37
112|160|24.23
112|178|67.60
112|186|136.33
112|195|17.16
112|198|48.11
112|199|44.51
113|122|125.54
113|130|95.94
113|140|106.71
113|150|61.82
113|157|87.33
113|158|41.44
113|163|146.24
113|164|96.19
113|166|75.23
113|167|51.10
113|182|88.65
113|185|116.32
113|187|97.60
113|191|125.60
113|197|79.72
114|115|44.53
114|116|103.58
114|131|81.52
114|133|91.78
114|139|133.84
114|144|131.07
114|147|45.95
114|149|133.18
114|163|33.75
114|164|94.01
114|165|24.64
114|170|104.53
114|173|143.56
114|187|138.03
114|189|112.13
114|191|132.94
114|196|130.22
114|197|83.08
115|116|133.81
115|120|121.34
115|122|147.70
115|125|124.76
115|131|52.83
115|133|113.95
115|136|120.61
115|139|110.72
115|144|88.02
115|147|1.51
115|149|133.71
115|156|143.41
115|159|142.65
115|161|149.65
115|163|78.27
115|164|103.47
115|165|61.75
115|170|121.09
115|173|111.74
115|183|110.10
115|187|140.73
115|188|124.03
115|190|145.29
115|191|126.44
115|193|137.97
115|196|114.66
115|197|110.33
116|133|29.42
116|147|135.25
116|149|91.41
116|156|131.50
116|163|90.51
116|165|78.93
116|170|42.24
116|174|139.10
116|189|38.20
116|196|126.34
117|118|79.82
117|123|119.43
117|126|91.96
117|127|27.54
117|129|122.97
117|134|84.64
117|136|108.32
117|138|145.97
117|142|77.17
117|143|93.74
117|146|56.66
117|148|125.54
117|151|114.20
117|152|117.66
117|153|31.75
117|159|130.62
117|160|114.04
117|161|78.44
117|169|143.23
117|178|134.46
117|181|106.00
117|183|121.69
117|186|54.10
117|190|95.50
117|193|84.57
117|195|117.52
117|198|65.12
117|199|134.99
118|123|109.76
118|126|72.13
118|127|95.62
118|129|81.54
118|134|26.94
118|142|105.41
118|143|126.52
118|146|41.53
118|148|146.75
118|151|38.00
118|153|111.44
118|160|68.22
118|178|55.83
118|181|138.18
118|186|89.43
118|195|46.03
118|198|41.84
118|199|56.22
119|121|51.38
119|122|103.72
119|125|88.25
119|130|141.64
119|132|78.94
119|135|126.29
119|138|135.49
119|139|100.36
119|141|96.12
119|142|141.54
119|143|123.90
119|148|128.13
119|152|60.78
119|154|87.92
119|169|36.41
119|171|58.31
119|176|104.32
119|177|48.82
119|179|40.56
119|181|117.21
119|187|133.20
119|190|112.90
119|191|114.17
119|194|40.50
120|124|125.82
120|136|106.83
120|137|114.34
120|144|65.57
120|145|42.74
120|147|120.86
120|149|109.18
120|156|79.93
120|159|74.82
120|161|130.02
120|162|127.17
120|168|125.48
120|170|142.77
120|172|74.45
120|173|10.46
120|175|97.70
120|183|95.00
120|188|42.16
120|193|143.84
120|196|61.07
121|122|144.10
121|125|139.53
121|132|37.68
121|135|83.20
121|138|121.49
121|141|44.78
121|143|131.61
121|148|122.41
121|152|95.88
121|154|36.82
121|155|128.12
121|169|79.78
121|171|105.58
121|176|70.24
121|177|91.65
121|179|51.75
121|181|121.14
121|184|125.88
121|194|47.81
122|125|83.64
122|130|65.66
122|131|102.08
122|139|63.06
122|140|128.81
122|147|147.18
122|152|136.25
122|157|125.27
122|158|85.93
122|164|67.04
122|166|69.20
122|169|113.69
122|171|49.58
122|177|54.92
122|179|142.32
122|187|29.51
122|190|141.22
122|191|21.27
122|194|143.21
122|197|107.27
123|127|146.97
123|134|136.17
123|135|141.65
123|138|58.66
123|142|54.98
123|143|60.54
123|146|134.79
123|148|53.48
123|151|105.28
123|152|138.07
123|153|134.06
123|178|121.65
123|179|139.72
123|181|63.11
123|186|70.06
123|194|141.02
123|198|140.69
123|199|145.05
124|128|80.59
124|137|19.12
124|145|102.42
124|159|125.94
124|162|61.93
124|168|53.72
124|172|52.38
124|173|136.23
124|175|38.74
124|188|124.95
124|192|55.61
125|127|149.71
125|130|148.27
125|131|73.27
125|136|111.82
125|139|27.28
125|144|132.61
125|147|123.53
125|152|76.32
125|153|121.44
125|161|119.02
125|164|112.18
125|169|67.91
125|171|53.66
125|177|70.04
125|179|107.96
125|183|115.35
125|187|104.52
125|190|57.82
125|191|75.11
125|193|89.79
125|194|111.09
126|127|85.65
126|128|95.06
126|129|34.50
126|134|46.94
126|146|42.81
126|151|102.97
126|153|117.16
126|159|142.10
126|160|32.03
126|161|127.70
126|162|114.52
126|168|122.33
126|178|111.73
126|186|133.53
126|192|130.39
126|195|64.93
126|198|35.71
126|199|92.41
127|128|135.69
127|129|119.52
127|134|92.88
127|136|86.16
127|142|103.27
127|143|118.29
127|144|133.31
127|146|61.94
127|151|132.61
127|152|128.98
127|153|33.61
127|159|103.51
127|160|113.17
127|161|55.81
127|162|137.89
127|168|145.64
127|181|130.12
127|183|99.04
127|186|80.68
127|188|135.44
127|190|92.02
127|193|69.67
127|195|125.98
127|198|68.79
127|199|147.24
128|129|104.35
128|134|142.00
128|137|96.72
128|146|130.97
128|159|110.39
128|160|113.94
128|161|140.99
128|162|28.44
128|168|33.31
128|172|92.91
128|175|68.14
128|188|130.19
128|192|38.08
128|198|126.72
129|134|55.03
129|146|68.26
129|151|101.67
129|160|13.42
129|162|129.00
129|168|135.93
129|178|103.64
129|192|133.99
129|195|52.75
129|198|59.66
129|199|78.21
130|139|128.72
130|140|63.16
130|150|126.20
130|157|60.94
130|158|57.59
130|164|100.12
130|166|21.09
130|167|103.80
130|171|104.20
130|176|146.74
130|177|99.10
130|187|59.67
130|191|81.89
130|197|123.63
131|136|108.43
131|139|57.93
131|144|98.40
131|147|51.77
131|152|147.82
131|159|147.55
131|161|131.68
131|163|109.81
131|164|78.76
131|165|105.05
131|169|141.15
131|171|107.66
131|173|144.59
131|177|125.08
131|183|102.98
131|187|102.83
131|188|140.35
131|190|105.00
131|191|81.64
131|193|111.09
131|197|105.70
132|135|95.75
132|141|41.35
132|152|131.65
132|154|40.16
132|155|132.39
132|169|112.64
132|171|122.21
132|176|33.13
132|177|105.48
132|179|89.13
132|184|127.64
132|194|85.29
133|147|115.29
133|149|66.64
133|156|104.99
133|163|88.74
133|165|68.35
133|170|18.11
133|173|142.41
133|174|124.04
133|189|65.57
133|196|97.45
134|142|126.63
134|143|147.81
134|146|31.04
134|151|56.41
134|153|115.82
134|160|41.89
134|161|146.12
134|178|67.81
134|186|108.01
134|195|33.27
134|198|25.73
134|199|55.54
135|138|84.37
135|141|55.36
135|142|146.59
135|143|126.99
135|148|99.41
135|152|141.34
135|154|55.69
135|155|48.00
135|169|139.58
135|176|121.49
135|179|99.50
135|181|114.39
135|184|48.94
135|194|96.17
136|139|125.61
136|144|49.32
136|145|144.75
136|146|144.80
136|147|119.18
136|152|140.01
136|153|85.06
136|159|52.17
136|161|30.35
136|162|137.06
136|168|141.79
136|172|133.76
136|173|106.59
136|175|139.18
136|183|13.53
136|186|148.74
136|188|68.86
136|190|74.99
136|193|37.14
137|145|86.68
137|159|125.43
137|162|74.92
137|168|66.97
137|172|45.31
137|173|124.57
137|175|42.15
137|188|119.40
137|192|74.46
138|141|123.51
138|142|68.88
138|143|54.25
138|148|21.08
138|152|111.07
138|153|148.30
138|154|118.28
138|155|112.14
138|169|125.49
138|179|95.06
138|181|44.44
138|184|118.79
138|186|92.16
138|194|95.03
139|144|136.93
139|147|109.69
139|152|101.09
139|153|146.94
139|158|139.02
139|161|137.89
139|164|84.92
139|166|130.57
139|169|88.28
139|171|50.62
139|177|68.34
139|179|127.09
139|183|126.43
139|187|79.80
139|190|82.95
139|191|50.42
139|193|109.84
139|194|129.71
139|197|125.89
140|150|101.67
140|157|19.90
140|158|88.06
140|166|66.94
140|167|81.93
140|187|119.92
140|191|144.61
141|148|131.76
141|152|134.08
141|154|8.95
141|155|91.42
141|169|122.04
141|171|149.52
141|176|66.39
141|177|134.67
141|179|87.58
141|181|138.37
141|184|87.20
141|194|83.37
142|143|21.20
142|146|112.83
142|148|48.85
142|151|119.68
142|152|90.31
142|153|83.32
142|161|140.94
142|169|114.96
142|178|140.43
142|179|106.07
142|181|33.40
142|186|23.31
142|190|116.30
142|193|132.08
142|194|108.71
142|198|120.75
143|146|133.34
143|148|33.17
143|151|139.35
143|152|77.68
143|153|94.06
143|154|143.03
143|169|100.33
143|179|86.78
143|181|12.65
143|186|42.30
143|190|115.27
143|193|137.21
143|194|89.12
143|198|141.39
144|145|107.55
144|147|86.86
144|149|149.65
144|153|134.37
144|156|133.69
144|159|54.63
144|161|78.51
144|162|142.74
144|165|142.06
144|168|144.90
144|172|116.14
144|173|62.28
144|175|130.34
144|183|35.80
144|188|42.08
144|190|114.07
144|193|83.46
144|196|106.18
145|149|108.82
145|156|69.66
145|159|103.53
145|162|124.37
145|168|120.08
145|172|60.44
145|173|49.67
145|174|130.09
145|175|86.33
145|180|138.23
145|183|134.08
145|188|76.10
145|192|148.23
145|196|68.11
146|151|79.10
146|153|86.66
146|159|148.17
146|160|58.06
146|161|115.21
146|162|145.39
146|178|94.71
146|181|145.93
146|186|91.33
146|193|131.61
146|195|64.04
146|198|8.67
146|199|86.19
147|149|134.50
147|156|143.81
147|159|141.48
147|161|148.18
147|163|79.67
147|164|103.57
147|165|63.26
147|170|122.31
147|173|111.31
147|183|108.71
147|187|140.51
147|188|123.09
147|190|143.81
147|191|125.94
147|193|136.46
147|196|114.96
147|197|111.01
148|152|95.63
148|153|127.22
148|154|125.45
148|155|131.40
148|169|113.06
148|179|87.76
148|181|23.79
148|184|137.56
148|186|72.14
148|190|143.96
148|194|88.64
149|156|41.01
149|163|143.76
149|165|116.30
149|170|49.65
149|173|102.51
149|174|70.43
149|180|100.86
149|188|148.32
149|189|129.60
149|196|48.16
150|157|83.67
150|158|90.48
150|166|110.34
150|167|22.48
150|182|50.76
150|185|89.76
150|197|140.63
151|153|145.03
151|160|88.73
151|178|21.53
151|181|149.34
151|186|109.88
151|195|51.03
151|198|78.10
151|199|39.77
152|153|95.39
152|154|125.13
152|161|129.26
152|169|26.48
152|171|87.34
152|177|90.30
152|179|46.52
152|181|76.24
152|183|149.84
152|186|95.55
152|190|65.57
152|191|137.72
152|193|104.08
152|194|50.72
153|159|117.83
153|160|142.40
153|161|57.89
153|169|119.25
153|179|137.54
153|181|104.72
153|183|98.57
153|186|64.03
153|188|146.48
153|190|64.00
153|193|55.71
153|194|141.62
153|195|148.91
153|198|94.74
154|155|95.30
154|169|113.21
154|171|142.17
154|176|68.52
154|177|127.70
154|179|78.64
154|181|131.06
154|184|91.81
154|194|74.43
155|179|147.35
155|184|9.26
155|194|144.09
156|165|142.72
156|170|89.29
156|172|130.08
156|173|76.27
156|174|72.90
156|180|94.03
156|188|121.83
156|196|30.13
157|158|72.37
157|164|142.01
157|166|58.25
157|167|63.03
157|182|134.32
157|187|112.08
157|191|138.85
157|197|149.82
158|164|73.60
158|166|36.53
158|167|71.59
158|171|135.12
158|177|136.95
158|182|127.41
158|187|59.94
158|191|89.24
158|197|77.67
159|161|62.51
159|162|90.49
159|168|93.84
159|172|82.10
159|173|79.41
159|175|87.25
159|183|48.55
159|188|33.25
159|190|125.79
159|192|132.91
159|193|85.42
159|196|133.67
160|162|137.35
160|168|144.59
160|178|91.80
160|186|146.99
160|192|145.16
160|195|41.07
160|198|49.39
160|199|67.67
161|162|131.66
161|168|137.73
161|169|146.62
161|172|142.73
161|173|131.42
161|175|142.64
161|183|43.42
161|186|121.87
161|188|88.95
161|190|69.61
161|193|29.56
161|198|120.79
162|168|8.21
162|172|64.75
162|173|136.85
162|175|40.78
162|183|137.39
162|188|105.71
162|192|42.78
162|198|142.54
163|164|98.89
163|165|29.71
163|170|105.11
163|187|143.90
163|189|88.20
163|191|145.63
163|197|72.99
164|165|115.45
164|166|87.78
164|167|141.70
164|171|107.25
164|177|118.34
164|187|45.11
164|191|51.41
164|197|42.92
165|170|82.41
165|173|143.98
165|189|89.43
165|196|121.38
165|197|97.69
166|167|88.38
166|171|113.92
166|177|111.72
166|187|53.86
166|191|80.91
166|197|106.02
167|182|71.81
167|185|109.88
167|187|130.74
167|197|130.58
168|172|59.86
168|173|135.39
168|175|34.83
168|183|141.45
168|188|106.65
168|192|39.22
169|171|64.12
169|176|140.00
169|177|64.76
169|179|40.12
169|181|96.71
169|186|121.70
169|187|142.37
169|190|78.34
169|191|117.78
169|193|119.19
169|194|43.42
170|173|133.95
170|174|106.17
170|180|138.79
170|189|80.27
170|196|85.34
171|176|137.04
171|177|17.75
171|179|94.26
171|187|78.54
171|190|104.42
171|191|56.30
171|193|141.32
171|194|95.60
171|197|149.98
172|173|84.90
172|175|25.95
172|183|127.74
172|188|74.12
172|192|88.84
172|196|124.92
173|174|148.73
173|175|108.05
173|183|94.14
173|188|46.17
173|193|143.21
173|196|54.42
174|180|32.65
174|196|100.82
175|183|135.51
175|188|88.81
175|192|63.38
176|177|119.37
176|179|120.77
176|184|145.15
176|194|117.11
177|179|88.09
177|187|84.38
177|190|117.17
177|191|66.96
177|194|88.69
178|186|131.31
178|195|50.90
178|198|92.17
178|199|28.91
179|181|78.61
179|184|148.30
179|186|119.98
179|190|111.54
179|194|4.22
180|196|123.89
181|186|54.95
181|190|120.53
181|193|145.27
181|194|80.54
182|185|39.43
183|188|59.03
183|190|84.32
183|193|49.07
183|196|141.48
184|194|144.87
186|190|107.24
186|193|116.48
186|194|123.11
186|195|135.25
186|198|99.53
186|199|143.06
187|191|29.49
187|197|80.82
188|190|143.23
188|192|145.28
188|193|105.83
188|196|100.43
190|191|132.65
190|193|41.06
190|194|115.66
191|197|93.82
193|198|138.36
195|198|57.70
195|199|27.54
198|199|81.25
