0|27|33.84
0|42|32.45
0|55|51.11
0|63|78.00
0|64|46.98
1|8|84.14
1|23|61.54
1|31|65.10
1|37|83.47
1|46|69.73
1|49|74.83
1|73|33.70
1|75|74.37
1|89|65.86
1|96|86.61
1|98|68.19
1|99|47.96
2|14|44.82
2|27|76.45
2|42|78.14
2|55|83.48
2|82|44.23
2|83|37.61
2|84|83.61
2|85|65.90
3|5|99.49
3|15|95.60
3|19|21.45
3|20|95.70
3|21|69.65
3|26|88.70
3|33|20.40
3|36|96.50
3|38|29.53
3|41|76.62
3|43|82.08
3|44|41.48
3|47|93.63
3|48|39.20
3|61|80.19
3|67|93.27
3|69|86.38
3|79|68.13
3|93|97.95
4|6|47.96
4|9|72.98
4|12|97.53
4|26|69.39
4|32|8.98
4|38|92.36
4|44|75.67
4|88|99.30
4|90|40.71
5|6|80.62
5|8|90.70
5|17|95.66
5|20|74.70
5|33|83.17
5|34|26.19
5|44|69.77
5|61|66.43
5|79|95.73
5|80|79.44
5|90|70.37
5|93|69.57
6|22|90.20
6|32|50.72
6|44|86.90
6|90|19.70
7|23|72.32
7|31|41.08
7|37|98.18
7|51|2.24
7|62|18.78
7|89|52.03
7|98|59.68
7|99|58.02
8|15|86.48
8|17|96.50
8|20|60.51
8|34|66.40
8|46|71.52
8|49|99.80
8|61|73.35
8|73|81.37
8|75|21.28
8|80|36.58
8|93|56.09
8|95|85.42
8|96|71.42
9|11|98.62
9|26|37.89
9|32|70.96
9|38|97.02
9|67|62.82
9|68|93.65
9|69|70.00
9|71|61.75
9|97|88.26
10|13|87.77
10|57|87.21
10|60|72.76
10|72|80.01
10|76|66.38
10|78|32.91
10|81|46.08
11|19|79.31
11|24|80.08
11|26|75.58
11|30|97.41
11|38|80.49
11|43|63.93
11|52|38.85
11|59|53.89
11|67|36.77
11|68|7.93
11|69|32.40
11|70|79.47
11|86|89.31
11|97|58.14
12|22|67.77
12|32|88.55
12|57|64.18
12|71|79.69
12|72|81.00
12|88|5.60
13|28|55.20
13|57|88.55
13|60|15.84
13|72|69.62
13|76|22.28
13|78|56.47
13|81|45.97
14|27|84.93
14|82|7.02
14|83|71.58
14|84|82.10
14|85|97.21
15|18|67.50
15|20|35.28
15|21|62.10
15|33|79.28
15|34|85.70
15|36|59.72
15|41|41.78
15|46|72.86
15|47|56.08
15|48|58.49
15|49|92.92
15|61|40.25
15|74|96.32
15|75|74.72
15|79|27.47
15|80|51.57
15|93|41.88
15|95|37.37
16|39|32.03
16|40|75.18
16|50|76.46
16|53|69.37
16|54|8.23
16|55|86.89
16|56|89.89
16|58|66.44
16|63|56.40
16|64|77.52
16|66|29.40
16|87|58.66
16|91|79.94
17|34|95.12
17|39|85.11
17|53|46.24
17|58|67.42
17|63|74.41
17|64|95.92
17|91|46.15
17|96|76.04
18|21|61.81
18|36|34.56
18|41|53.45
18|46|99.78
18|47|36.39
18|48|92.18
18|74|81.54
18|79|78.16
18|94|95.11
18|95|63.21
19|21|80.73
19|26|73.66
19|33|41.76
19|38|16.90
19|41|91.68
19|43|68.79
19|44|51.23
19|48|57.27
19|52|90.86
19|59|91.47
19|67|72.79
19|68|84.23
19|69|65.52
19|79|87.90
20|21|87.70
20|33|75.85
20|34|51.59
20|36|92.42
20|41|70.08
20|44|97.52
20|46|78.96
20|47|88.49
20|48|67.90
20|61|16.29
20|75|56.63
20|79|41.02
20|80|24.39
20|93|6.64
20|95|59.46
21|30|90.16
21|33|66.78
21|36|27.53
21|38|96.00
21|41|20.70
21|43|85.70
21|47|25.43
21|48|38.41
21|61|80.97
21|79|47.17
21|93|93.63
21|94|69.60
21|95|88.57
22|32|93.97
22|57|61.20
22|65|60.34
22|72|77.59
22|88|63.22
23|31|58.31
23|46|81.04
23|49|61.84
23|51|71.30
23|62|88.86
23|73|93.33
23|74|79.38
23|89|72.44
23|98|13.17
23|99|54.88
24|30|84.98
24|43|84.38
24|52|51.81
24|59|54.31
24|68|82.75
24|70|2.43
24|86|35.32
25|29|35.99
25|35|23.58
25|40|90.29
25|50|68.43
25|56|80.33
25|66|84.45
25|77|4.80
25|87|58.09
25|92|80.99
26|32|72.13
26|38|59.41
26|44|79.86
26|67|39.79
26|68|73.17
26|69|43.26
26|71|99.56
26|97|89.08
27|42|31.89
27|55|56.06
27|64|70.99
27|82|90.72
28|60|56.47
28|76|59.25
28|78|92.35
28|81|69.17
29|35|38.87
29|50|77.40
29|56|81.67
29|77|32.21
29|87|89.84
30|43|38.98
30|52|63.71
30|59|46.84
30|70|82.55
30|94|34.72
31|37|66.55
31|51|42.11
31|62|58.91
31|73|78.92
31|89|16.51
31|98|50.74
31|99|17.56
32|38|99.79
32|44|84.55
32|88|90.33
32|90|46.64
33|34|82.76
33|36|91.30
33|38|46.79
33|41|68.10
33|43|98.90
33|44|38.87
33|47|87.87
33|48|29.57
33|61|60.10
33|79|52.34
33|80|99.03
33|93|77.81
34|44|81.65
34|48|93.01
34|61|47.17
34|75|78.41
34|79|80.16
34|80|53.40
34|90|95.92
34|93|45.73
35|50|91.66
35|77|20.32
35|87|77.05
35|92|83.46
36|41|25.93
36|47|4.10
36|48|61.79
36|61|90.44
36|79|57.35
36|93|98.96
36|94|73.22
36|95|74.69
37|45|67.33
37|73|66.86
37|89|50.20
37|99|62.17
38|43|82.21
38|44|41.95
38|48|68.64
38|52|98.73
38|67|66.08
38|68|84.03
38|69|60.19
38|79|97.46
39|40|97.11
39|42|95.44
39|53|38.90
39|54|37.90
39|55|76.72
39|58|52.08
39|63|26.60
39|64|55.38
39|66|61.40
39|87|89.89
39|91|57.73
40|54|66.99
40|55|86.16
40|66|64.94
40|77|94.56
40|87|47.55
40|92|33.10
41|47|21.90
41|48|38.75
41|61|65.90
41|79|32.04
41|80|91.20
41|93|76.36
41|94|88.08
41|95|68.41
42|55|24.42
42|63|77.06
42|64|44.19
43|48|93.46
43|52|41.06
43|59|30.37
43|67|89.24
43|68|71.85
43|69|80.87
43|70|82.26
43|94|62.22
44|48|68.39
44|61|81.44
44|69|97.57
44|79|86.68
44|90|67.24
44|93|96.95
46|49|29.38
46|61|94.63
46|73|94.32
46|74|54.40
46|75|50.29
46|79|99.82
46|80|66.53
46|93|81.02
46|95|41.31
46|98|94.09
47|48|58.32
47|61|86.36
47|79|53.25
47|93|95.01
47|94|75.76
47|95|72.48
48|61|55.56
48|79|31.60
48|80|92.28
48|93|72.15
48|95|94.60
49|74|31.53
49|75|78.85
49|80|95.49
49|95|56.21
49|98|74.85
50|54|75.86
50|56|18.42
50|65|94.56
50|66|52.97
50|77|71.35
50|87|58.48
51|62|18.76
51|89|53.54
51|98|58.56
51|99|58.84
52|59|16.95
52|67|74.54
52|68|45.18
52|69|68.49
52|70|50.30
52|86|74.81
52|94|96.03
52|97|87.08
53|54|76.17
53|55|95.53
53|58|43.00
53|63|32.65
53|64|62.83
53|66|97.88
53|91|32.48
54|55|84.34
54|56|90.48
54|58|74.67
54|63|60.48
54|64|78.46
54|66|25.32
54|87|52.00
54|91|88.00
54|92|96.83
55|63|63.32
55|64|35.60
56|65|76.56
56|66|69.31
56|77|82.47
56|87|76.89
57|60|86.14
57|65|57.66
57|72|18.95
57|76|84.90
57|78|68.84
57|81|90.01
57|88|58.98
58|63|66.14
58|64|99.51
58|66|87.13
58|91|21.36
59|67|87.83
59|68|60.85
59|69|80.95
59|70|52.27
59|86|83.20
59|94|79.70
60|72|67.74
60|76|6.51
60|78|42.66
60|81|30.14
61|75|72.00
61|79|34.13
61|80|38.98
61|93|17.77
61|95|71.35
62|89|67.90
62|98|75.86
62|99|76.20
63|64|33.39
63|66|85.45
63|91|62.93
64|91|94.86
65|72|59.03
66|77|89.08
66|87|32.44
66|92|88.79
67|68|33.50
67|69|8.78
67|97|58.93
68|69|30.95
68|70|82.35
68|86|88.79
68|97|50.45
69|97|64.32
70|86|37.70
71|88|85.26
72|76|66.94
72|78|56.07
72|81|74.55
72|88|76.09
73|75|80.24
73|89|72.26
73|96|57.56
73|98|97.93
73|99|62.04
74|95|60.00
74|98|90.88
75|79|93.92
75|80|33.17
75|93|54.31
75|95|66.79
75|96|84.94
76|78|36.84
76|81|23.77
77|87|62.89
77|92|84.18
78|81|25.07
79|80|64.46
79|93|46.66
79|95|64.58
80|93|21.22
80|95|61.13
82|83|67.66
82|84|75.11
82|85|92.42
83|84|64.65
83|85|28.31
84|85|64.25
85|92|92.62
86|97|89.00
87|92|61.68
89|98|66.18
89|99|20.70
93|95|64.44
98|99|51.17