0|15|28.15
0|16|85.69
0|27|54.05
0|30|68.62
0|80|75.66
0|82|17.69
0|94|35.59
0|100|63.45
0|104|99.09
0|107|59.55
0|114|51.55
0|116|54.03
0|120|82.79
0|130|67.40
0|132|32.32
0|133|41.26
0|138|78.75
0|140|85.20
0|142|58.23
0|154|98.03
0|161|60.95
0|162|48.23
0|164|72.87
0|172|74.32
0|177|44.54
0|192|69.41
0|195|20.13
0|198|91.62
0|204|92.11
0|221|87.00
0|232|58.44
0|242|84.75
0|243|48.81
0|249|77.15
0|260|87.30
0|267|86.26
0|276|91.67
0|277|88.20
0|291|99.72
0|292|80.90
0|296|35.81
1|6|94.90
1|14|38.95
1|65|32.44
1|92|95.12
1|98|78.66
1|131|29.82
1|141|38.44
1|145|93.45
1|193|82.04
1|201|40.40
1|205|63.35
1|212|56.07
1|257|85.37
1|269|60.00
1|270|27.80
1|285|68.14
1|294|23.00
2|20|90.38
2|32|50.31
2|35|23.23
2|36|64.27
2|39|81.78
2|49|64.64
2|56|80.95
2|78|75.28
2|81|51.15
2|83|72.46
2|88|40.54
2|96|48.53
2|125|90.64
2|136|63.00
2|147|93.89
2|155|85.32
2|159|86.96
2|165|86.56
2|166|65.68
2|167|79.62
2|182|56.62
2|191|28.05
2|222|88.16
2|224|40.57
2|228|31.17
2|233|68.86
2|253|77.64
2|275|73.08
2|278|58.37
2|289|48.72
3|11|94.77
3|40|58.90
3|54|40.51
3|60|62.70
3|66|60.27
3|77|44.31
3|99|90.60
3|127|27.80
3|144|92.24
3|151|46.75
3|178|56.53
3|180|67.28
3|187|17.33
3|188|42.08
3|217|79.58
3|218|10.55
3|226|99.06
3|246|92.94
3|256|88.52
3|261|91.51
3|263|72.29
3|268|12.67
3|273|43.08
3|279|89.52
3|283|24.10
3|297|68.69
4|10|43.44
4|15|85.46
4|27|93.31
4|28|42.49
4|30|38.08
4|31|67.84
4|33|71.67
4|43|42.97
4|80|62.10
4|82|83.42
4|89|53.54
4|94|70.10
4|104|43.45
4|107|96.34
4|114|68.13
4|117|64.81
4|120|64.47
4|132|74.34
4|133|86.02
4|134|9.13
4|138|71.94
4|139|86.94
4|142|44.20
4|150|18.37
4|157|64.17
4|161|98.73
4|167|83.37
4|177|56.41
4|183|77.18
4|186|92.87
4|207|62.66
4|210|79.37
4|223|67.76
4|233|94.00
4|242|81.77
4|253|85.27
4|267|17.26
4|271|26.15
4|288|48.00
4|292|31.61
4|296|91.39
5|7|47.82
5|9|74.80
5|11|90.43
5|13|70.96
5|17|56.71
5|51|37.22
5|53|48.72
5|64|81.10
5|68|53.39
5|95|53.60
5|101|83.26
5|102|56.75
5|146|52.27
5|156|38.90
5|160|86.39
5|181|78.91
5|206|62.84
5|209|84.89
5|229|57.31
5|231|35.16
5|234|81.75
5|237|99.17
5|240|90.54
5|247|73.54
5|248|24.92
5|251|57.95
5|255|82.70
5|259|82.43
5|265|59.47
5|287|89.30
6|14|85.11
6|20|95.11
6|48|84.23
6|57|74.18
6|65|97.88
6|86|87.12
6|91|32.83
6|92|24.50
6|109|54.18
6|111|68.01
6|135|30.00
6|145|8.41
6|254|90.51
6|257|9.81
6|269|44.90
6|270|77.82
6|282|43.81
6|285|93.36
7|9|75.66
7|13|59.14
7|17|90.41
7|25|96.34
7|37|94.29
7|51|15.60
7|53|16.67
7|59|86.79
7|68|39.09
7|76|86.57
7|95|11.56
7|101|86.48
7|102|98.05
7|119|97.63
7|146|39.49
7|156|64.58
7|160|40.60
7|170|68.36
7|174|68.25
7|196|83.80
7|206|20.81
7|209|60.67
7|229|64.71
7|231|24.01
7|240|45.10
7|247|59.04
7|248|42.33
7|251|29.08
7|255|43.68
7|264|80.24
7|265|81.80
7|298|88.96
8|12|61.88
8|22|3.40
8|38|68.62
8|45|42.05
8|46|37.95
8|58|56.54
8|61|36.22
8|67|88.92
8|70|93.43
8|87|54.17
8|108|32.08
8|121|42.97
8|152|99.32
8|163|80.30
8|169|96.83
8|184|84.25
8|185|33.36
8|190|94.28
8|208|55.39
8|230|82.70
8|241|73.81
8|252|87.54
8|281|75.26
8|295|72.36
8|299|98.95
9|11|45.38
9|13|21.57
9|17|55.07
9|51|62.75
9|53|59.50
9|54|88.45
9|55|86.59
9|64|85.38
9|68|36.82
9|95|87.19
9|101|10.85
9|102|73.90
9|110|92.72
9|112|93.35
9|123|78.57
9|146|36.24
9|156|41.98
9|170|78.85
9|180|76.42
9|181|43.83
9|200|55.78
9|206|66.88
9|209|40.08
9|217|95.21
9|229|17.81
9|231|88.65
9|234|83.23
9|247|24.78
9|248|50.48
9|251|50.54
9|255|64.87
9|259|59.59
9|261|99.56
9|264|69.32
9|265|34.03
9|273|86.33
9|279|83.27
9|287|64.26
9|297|89.90
10|28|43.10
10|30|68.38
10|31|27.15
10|32|95.66
10|33|57.61
10|43|33.77
10|63|94.41
10|80|76.55
10|89|18.79
10|104|82.90
10|117|46.08
10|134|36.33
10|139|44.81
10|142|84.91
10|150|35.26
10|157|37.69
10|165|65.42
10|167|69.03
10|177|94.52
10|179|68.42
10|183|66.27
10|189|87.37
10|207|49.64
10|210|43.59
10|219|69.49
10|223|29.43
10|233|75.77
10|253|70.08
10|267|60.48
10|271|57.51
10|280|89.51
10|288|55.60
10|292|75.03
11|13|66.51
11|17|39.85
11|51|95.91
11|53|97.05
11|54|65.05
11|64|54.10
11|66|85.49
11|68|76.37
11|77|70.19
11|97|65.87
11|101|38.37
11|102|56.31
11|123|94.63
11|124|80.81
11|146|75.23
11|151|95.41
11|156|52.01
11|180|33.14
11|181|12.33
11|187|77.64
11|199|81.91
11|200|80.05
11|209|85.39
11|217|49.85
11|218|87.15
11|226|67.41
11|229|47.28
11|234|51.08
11|237|86.93
11|247|70.00
11|248|73.25
11|251|91.52
11|258|80.68
11|259|22.78
11|265|31.32
11|273|63.98
11|279|89.57
11|287|23.51
11|297|45.03
12|19|97.30
12|22|59.97
12|26|68.81
12|38|33.84
12|45|22.57
12|46|24.08
12|47|52.84
12|58|89.50
12|61|53.32
12|67|28.87
12|70|39.01
12|87|19.79
12|108|43.21
12|120|95.89
12|121|90.32
12|126|97.68
12|130|89.49
12|138|92.15
12|153|91.35
12|161|95.93
12|163|18.85
12|169|85.65
12|171|90.65
12|185|44.03
12|190|53.26
12|208|31.32
12|227|68.97
12|230|77.35
12|241|64.73
12|242|81.72
12|250|47.68
12|252|36.25
12|281|59.85
12|295|64.18
13|17|68.56
13|51|48.79
13|53|42.46
13|55|84.91
13|59|85.08
13|68|20.97
13|95|70.30
13|101|31.43
13|102|85.68
13|110|93.46
13|112|93.73
13|123|84.42
13|146|21.22
13|156|48.18
13|160|87.81
13|170|58.72
13|174|82.89
13|180|97.98
13|181|63.46
13|189|97.88
13|200|59.78
13|206|47.04
13|209|20.80
13|229|25.72
13|231|76.12
13|234|99.33
13|240|92.12
13|247|4.03
13|248|46.27
13|251|31.33
13|255|43.30
13|259|78.44
13|264|52.46
13|265|49.07
13|279|93.36
13|287|83.78
13|298|90.25
14|65|14.98
14|92|95.31
14|131|67.51
14|141|77.35
14|145|87.22
14|201|65.76
14|212|94.75
14|257|75.51
14|269|68.77
14|270|15.39
14|285|98.28
14|294|61.90
15|27|71.10
15|28|98.13
15|30|61.65
15|70|93.11
15|80|79.71
15|82|18.78
15|94|39.05
15|100|91.60
15|104|74.48
15|107|76.96
15|114|24.68
15|116|32.43
15|120|55.32
15|130|42.14
15|132|38.65
15|133|56.46
15|134|94.49
15|138|50.74
15|142|41.39
15|150|91.15
15|154|97.53
15|161|35.95
15|162|75.91
15|164|98.04
15|172|79.74
15|177|32.62
15|190|93.72
15|192|71.22
15|195|23.38
15|221|94.13
15|227|95.22
15|232|85.87
15|242|56.61
15|243|76.96
15|252|98.30
15|260|98.05
15|267|68.94
15|271|92.29
15|276|81.99
15|292|59.77
15|296|53.94
16|23|52.78
16|24|63.08
16|25|88.02
16|27|48.73
16|37|90.38
16|42|54.72
16|71|53.41
16|73|71.38
16|80|81.09
16|82|92.38
16|94|82.75
16|100|46.75
16|105|33.42
16|107|44.85
16|119|84.58
16|129|56.35
16|132|79.81
16|133|60.50
16|140|96.85
16|162|62.11
16|164|12.90
16|176|46.50
16|196|98.49
16|198|17.44
16|202|58.20
16|214|78.87
16|215|53.61
16|232|63.71
16|236|48.16
16|243|51.00
16|249|73.97
16|274|60.16
16|277|41.24
16|280|90.39
16|286|44.74
16|291|48.49
16|296|59.13
17|51|74.95
17|53|80.72
17|64|33.27
17|68|66.69
17|77|99.95
17|97|64.04
17|101|56.09
17|102|19.37
17|124|78.83
17|146|65.16
17|156|26.31
17|180|65.30
17|181|27.59
17|199|85.87
17|206|94.56
17|209|89.27
17|217|67.74
17|226|73.02
17|229|42.85
17|231|88.58
17|234|32.12
17|235|96.32
17|237|64.05
17|247|72.59
17|248|48.12
17|251|80.72
17|258|76.79
17|259|25.95
17|265|21.08
17|287|32.69
17|297|70.44
18|19|81.90
18|21|72.46
18|29|93.20
18|44|61.03
18|50|31.54
18|56|73.31
18|62|99.22
18|69|21.66
18|74|84.60
18|75|83.23
18|84|41.89
18|85|21.74
18|90|50.06
18|93|11.71
18|113|80.86
18|125|68.69
18|143|38.06
18|147|54.81
18|149|83.55
18|155|76.45
18|159|66.88
18|168|99.04
18|171|89.09
18|173|71.30
18|175|90.88
18|203|38.31
18|211|29.47
18|220|88.60
18|238|57.87
18|244|44.80
18|245|78.78
18|262|78.81
18|266|85.10
18|272|86.31
18|275|85.09
18|290|33.59
19|26|30.33
19|38|65.26
19|44|26.65
19|45|95.41
19|47|78.53
19|50|86.80
19|56|85.43
19|58|97.67
19|62|93.25
19|67|83.47
19|69|73.59
19|74|56.98
19|75|59.63
19|78|99.80
19|83|98.00
19|85|88.20
19|87|83.99
19|90|66.21
19|93|73.61
19|108|93.76
19|113|69.64
19|125|75.66
19|126|55.52
19|143|52.87
19|147|78.49
19|149|51.95
19|152|81.84
19|153|49.62
19|163|99.90
19|168|67.20
19|169|35.74
19|171|8.65
19|173|39.86
19|175|61.89
19|186|75.80
19|203|72.83
19|208|75.27
19|211|89.27
19|220|99.29
19|230|48.74
19|241|52.77
19|244|39.05
19|250|89.70
19|266|38.07
19|272|36.23
19|275|92.41
19|290|67.62
19|295|54.27
20|35|69.35
20|36|48.37
20|39|37.15
20|57|21.59
20|72|93.81
20|88|66.52
20|91|86.26
20|92|71.11
20|96|76.09
20|98|73.10
20|103|71.33
20|106|87.38
20|135|71.74
20|137|98.49
20|145|86.73
20|166|53.92
20|182|82.38
20|191|94.06
20|193|41.88
20|205|87.30
20|222|82.17
20|224|66.04
20|228|86.91
20|257|94.95
20|269|69.96
20|285|50.03
20|289|41.72
21|50|74.93
21|69|87.85
21|84|38.70
21|85|75.69
21|93|80.24
21|115|55.41
21|137|96.87
21|155|80.35
21|159|79.11
21|211|80.63
21|222|99.05
21|238|14.67
21|245|39.98
21|262|28.23
21|290|99.45
22|38|68.35
22|45|40.82
22|46|35.92
22|58|59.58
22|61|32.83
22|67|87.39
22|70|90.74
22|87|53.26
22|108|32.58
22|121|46.35
22|163|78.21
22|169|98.32
22|184|87.65
22|185|30.03
22|190|91.14
22|208|55.19
22|227|98.18
22|230|84.31
22|241|75.08
22|252|84.76
22|281|71.86
22|295|73.65
23|24|62.43
23|25|39.51
23|27|88.08
23|37|41.53
23|42|2.00
23|63|94.13
23|71|60.25
23|73|34.56
23|76|52.46
23|100|97.62
23|105|27.07
23|107|82.42
23|119|43.92
23|129|52.87
23|160|95.46
23|164|65.16
23|174|90.29
23|176|48.44
23|196|53.47
23|198|58.29
23|202|47.30
23|214|89.38
23|215|39.33
23|236|7.05
23|240|91.16
23|274|45.87
23|277|58.69
23|280|83.74
23|286|30.23
23|291|84.20
23|298|96.54
24|25|98.55
24|41|96.33
24|42|62.83
24|71|10.75
24|73|43.43
24|100|80.46
24|105|71.67
24|158|68.12
24|164|72.59
24|176|17.68
24|198|49.84
24|202|15.89
24|213|88.58
24|214|27.61
24|215|23.32
24|232|94.70
24|236|55.85
24|243|93.45
24|249|90.65
24|277|98.51
24|286|32.76
24|291|47.23
25|37|2.42
25|42|38.22
25|59|75.06
25|63|76.24
25|71|98.22
25|73|59.81
25|76|19.03
25|95|88.87
25|105|55.58
25|119|17.14
25|129|60.38
25|160|56.11
25|164|99.07
25|170|88.28
25|174|56.90
25|176|86.73
25|189|94.14
25|196|15.61
25|198|96.62
25|202|82.70
25|206|91.56
25|215|75.37
25|236|46.45
25|240|51.91
25|255|90.77
25|274|49.18
25|277|77.09
25|280|76.21
25|286|68.42
25|298|70.42
26|38|39.73
26|44|52.42
26|45|70.84
26|46|81.62
26|47|50.10
26|58|92.56
26|67|53.14
26|70|93.11
26|74|77.26
26|75|80.61
26|87|58.28
26|90|94.78
26|108|74.41
26|113|92.15
26|125|92.44
26|126|46.62
26|143|79.52
26|147|99.42
26|149|61.30
26|152|91.12
26|153|38.83
26|163|69.80
26|168|83.21
26|169|41.52
26|171|22.50
26|173|56.15
26|175|80.35
26|186|65.54
26|203|97.52
26|208|51.96
26|230|47.07
26|241|43.23
26|244|67.45
26|250|60.44
26|252|95.11
26|266|57.02
26|272|54.48
26|290|93.49
26|295|44.45
27|28|71.79
27|30|55.60
27|33|77.58
27|42|90.01
27|43|82.15
27|63|97.28
27|80|38.06
27|82|52.41
27|94|36.22
27|100|62.77
27|105|61.11
27|107|5.86
27|114|83.42
27|117|85.50
27|129|54.89
27|132|34.31
27|133|14.70
27|142|68.47
27|150|84.32
27|157|96.55
27|162|63.78
27|164|40.00
27|176|95.22
27|177|56.55
27|183|71.77
27|195|74.00
27|198|63.10
27|207|77.69
27|232|72.10
27|236|86.47
27|243|54.09
27|249|90.52
27|267|86.44
27|274|65.39
27|277|34.53
27|280|73.88
27|286|91.30
27|291|87.10
27|292|90.73
27|296|18.29
28|30|36.58
28|31|68.57
28|33|29.88
28|43|10.56
28|59|95.29
28|63|72.14
28|80|33.77
28|82|87.79
28|89|61.75
28|94|66.47
28|104|83.86
28|107|72.41
28|114|90.39
28|117|26.16
28|120|98.98
28|129|77.42
28|132|69.93
28|133|71.29
28|134|44.25
28|139|68.01
28|142|61.90
28|150|24.45
28|157|31.64
28|177|65.63
28|179|99.11
28|183|34.70
28|189|75.26
28|207|21.46
28|210|51.41
28|219|78.99
28|223|71.95
28|267|50.82
28|271|68.35
28|274|86.45
28|277|75.92
28|280|58.00
28|288|83.60
28|292|65.34
28|296|78.31
28|298|92.86
29|50|61.79
29|52|52.49
29|62|38.52
29|74|66.97
29|75|63.31
29|90|55.77
29|93|84.85
29|113|51.18
29|118|32.73
29|128|13.33
29|152|81.48
29|168|68.51
29|175|66.49
29|194|13.73
29|220|20.76
29|266|86.25
29|272|88.88
29|284|62.96
29|299|92.54
30|31|95.51
30|33|62.35
30|43|45.41
30|80|30.68
30|82|52.79
30|89|84.18
30|94|34.28
30|104|63.03
30|107|59.06
30|114|54.93
30|116|89.46
30|117|62.05
30|120|69.42
30|129|87.12
30|130|91.15
30|132|38.39
30|133|47.98
30|134|46.13
30|138|73.31
30|142|27.04
30|150|33.56
30|157|68.18
30|161|87.17
30|164|95.59
30|177|29.08
30|183|63.41
30|195|80.29
30|207|55.88
30|210|87.79
30|223|97.24
30|242|83.96
30|243|99.87
30|267|31.65
30|271|59.97
30|274|98.09
30|277|76.20
30|280|81.85
30|288|85.85
30|292|40.01
30|296|53.57
31|32|78.88
31|33|76.14
31|43|58.41
31|79|96.15
31|81|99.21
31|89|15.77
31|117|64.21
31|134|59.49
31|136|92.35
31|139|35.73
31|150|62.23
31|157|53.04
31|165|38.91
31|167|57.51
31|179|47.05
31|183|85.18
31|189|93.61
31|207|69.89
31|210|47.81
31|219|64.68
31|223|5.89
31|233|60.35
31|239|88.88
31|253|57.74
31|267|85.09
31|271|75.33
31|278|90.53
31|288|62.12
31|292|98.63
32|35|73.42
32|49|39.35
32|56|71.86
32|78|43.00
32|81|23.43
32|83|45.93
32|88|79.74
32|89|77.27
32|96|79.82
32|125|78.90
32|136|24.81
32|147|90.02
32|149|90.86
32|165|56.99
32|167|29.55
32|182|83.00
32|186|88.75
32|191|64.07
32|223|73.17
32|224|88.40
32|228|71.64
32|233|19.98
32|253|27.70
32|271|99.35
32|275|60.16
32|278|66.01
32|288|69.18
32|289|98.40
33|43|29.60
33|59|65.42
33|63|42.42
33|80|44.20
33|89|75.40
33|94|85.31
33|105|93.49
33|107|75.88
33|117|11.96
33|119|91.20
33|129|60.92
33|132|87.86
33|133|82.56
33|134|72.00
33|139|60.35
33|142|89.17
33|150|53.31
33|157|23.39
33|170|88.85
33|174|85.41
33|177|90.08
33|179|92.06
33|183|9.04
33|189|46.41
33|207|9.18
33|210|38.83
33|219|59.94
33|223|81.09
33|264|92.23
33|267|80.69
33|271|96.92
33|274|67.24
33|277|67.68
33|280|32.00
33|292|95.04
33|296|89.75
33|298|63.00
34|52|73.46
34|58|55.79
34|62|83.68
34|74|95.73
34|75|96.16
34|113|97.45
34|118|84.62
34|121|57.68
34|148|24.96
34|152|59.52
34|168|80.84
34|175|89.02
34|184|16.52
34|216|6.40
34|230|95.49
34|284|56.42
34|295|99.63
34|299|28.82
35|36|41.51
35|39|58.58
35|49|82.86
35|56|92.18
35|57|88.31
35|78|94.28
35|81|71.67
35|83|90.21
35|88|37.03
35|96|49.70
35|103|89.57
35|136|84.12
35|155|76.47
35|159|80.84
35|166|56.91
35|182|59.36
35|191|28.57
35|193|93.87
35|222|69.83
35|224|20.41
35|228|24.83
35|233|92.09
35|275|86.60
35|278|70.58
35|289|28.01
36|39|19.46
36|57|69.93
36|88|65.63
36|96|79.40
36|98|70.31
36|103|48.84
36|137|72.50
36|155|67.13
36|159|75.96
36|166|71.95
36|182|88.82
36|191|54.73
36|193|56.25
36|205|89.82
36|222|39.17
36|224|25.63
36|228|46.43
36|245|97.52
36|285|70.47
36|289|32.07
37|42|40.20
37|59|75.14
37|63|77.10
37|71|99.90
37|73|60.78
37|76|16.82
37|95|86.70
37|105|57.99
37|119|18.50
37|129|62.57
37|160|53.97
37|170|87.68
37|174|56.36
37|176|88.47
37|189|94.68
37|196|14.76
37|198|98.85
37|202|84.16
37|206|89.84
37|215|76.92
37|236|48.43
37|240|49.74
37|255|89.53
37|274|51.34
37|277|79.44
37|280|77.70
37|286|70.19
37|298|70.63
38|44|90.57
38|45|31.11
38|46|42.02
38|47|51.48
38|58|71.23
38|61|76.83
38|67|35.69
38|70|68.31
38|74|91.64
38|75|95.34
38|87|18.83
38|108|37.76
38|121|79.90
38|126|79.32
38|152|88.88
38|153|71.83
38|163|43.45
38|168|91.06
38|169|52.13
38|171|59.57
38|173|95.88
38|175|91.85
38|185|66.84
38|186|94.29
38|190|86.28
38|208|13.26
38|230|45.38
38|241|33.25
38|242|99.37
38|250|54.38
38|252|67.61
38|266|74.33
38|272|71.82
38|281|92.70
38|295|33.10
39|57|57.44
39|88|75.72
39|96|88.80
39|98|54.06
39|103|39.18
39|137|65.91
39|141|97.75
39|155|80.69
39|159|90.42
39|166|75.59
39|182|97.53
39|191|74.16
39|193|36.80
39|197|94.88
39|205|72.95
39|212|96.54
39|222|45.15
39|224|44.85
39|228|65.88
39|269|92.56
39|285|51.01
39|289|41.10
40|48|94.64
40|54|54.08
40|60|9.39
40|72|91.60
40|77|97.31
40|79|84.98
40|86|92.50
40|99|45.96
40|106|95.51
40|110|90.63
40|112|92.12
40|123|74.65
40|127|61.35
40|144|71.21
40|178|40.46
40|187|60.94
40|188|67.28
40|200|93.60
40|218|53.53
40|239|92.31
40|246|59.18
40|254|91.99
40|256|39.22
40|261|48.26
40|263|73.46
40|268|59.61
40|273|54.30
40|279|56.66
40|283|59.00
40|293|87.91
41|71|90.45
41|100|65.52
41|140|33.33
41|158|47.75
41|162|69.17
41|164|99.28
41|176|99.48
41|198|88.79
41|204|75.62
41|213|10.48
41|214|76.23
41|221|98.30
41|225|13.62
41|232|58.84
41|243|75.46
41|249|38.97
41|260|85.95
41|291|59.05
42|63|94.52
42|71|60.98
42|73|33.56
42|76|50.76
42|100|99.45
42|105|28.97
42|107|84.35
42|119|43.34
42|129|54.16
42|160|94.06
42|164|67.13
42|174|89.75
42|176|49.22
42|196|52.42
42|198|60.02
42|202|47.53
42|214|89.92
42|215|39.62
42|236|8.24
42|240|89.73
42|274|46.87
42|277|60.44
42|280|84.58
42|286|30.93
42|291|85.60
42|298|96.49
43|59|93.44
43|63|71.60
43|80|44.09
43|82|97.49
43|89|52.57
43|94|76.59
43|104|86.01
43|107|82.58
43|114|97.71
43|117|21.86
43|129|83.92
43|132|80.14
43|133|81.84
43|134|42.49
43|139|57.92
43|142|69.29
43|150|24.77
43|157|23.60
43|165|97.30
43|177|74.41
43|179|88.75
43|183|36.61
43|189|71.71
43|207|20.43
43|210|42.55
43|219|70.82
43|223|62.02
43|267|54.38
43|271|67.57
43|274|92.21
43|277|84.40
43|280|60.63
43|288|79.10
43|292|69.56
43|296|88.87
43|298|91.64
44|47|93.92
44|49|85.64
44|50|74.12
44|56|61.00
44|69|48.82
44|74|68.79
44|75|70.29
44|78|81.94
44|83|78.51
44|84|99.85
44|85|63.42
44|90|62.30
44|93|55.23
44|113|77.17
44|125|51.27
44|126|55.76
44|136|99.99
44|143|27.13
44|147|52.20
44|149|36.41
44|153|53.08
44|168|82.04
44|169|60.15
44|171|30.99
44|173|20.70
44|175|75.02
44|186|73.46
44|203|46.30
44|211|63.58
44|230|74.09
44|241|79.22
44|244|16.32
44|266|54.58
44|272|53.77
44|275|69.40
44|290|41.46
44|295|80.72
45|46|11.44
45|47|70.03
45|58|68.03
45|61|45.87
45|67|47.10
45|70|60.48
45|87|13.10
45|108|20.91
45|121|67.76
45|152|99.50
45|163|41.30
45|169|75.84
45|171|90.29
45|185|35.93
45|190|70.56
45|208|20.27
45|227|83.89
45|230|64.76
45|241|52.46
45|250|67.44
45|252|56.57
45|266|97.89
45|272|95.63
45|281|67.33
45|295|51.49
46|47|75.96
46|58|74.01
46|61|34.82
46|67|52.18
46|70|57.38
46|87|23.34
46|108|26.98
46|121|70.49
46|163|42.34
46|169|87.08
46|185|24.83
46|190|63.75
46|208|31.71
46|227|75.59
46|230|75.66
46|241|63.52
46|250|71.66
46|252|52.38
46|281|56.89
46|295|62.49
47|67|23.97
47|70|54.09
47|87|58.63
47|104|67.51
47|108|85.72
47|114|91.29
47|116|96.35
47|120|61.88
47|126|51.66
47|130|80.16
47|138|62.97
47|149|83.38
47|153|47.70
47|161|85.63
47|163|39.94
47|169|88.23
47|171|69.92
47|173|87.66
47|185|96.72
47|186|56.46
47|190|78.24
47|208|62.35
47|227|95.95
47|230|88.50
47|241|79.16
47|242|56.03
47|250|12.38
47|252|58.97
47|271|87.93
47|288|97.40
47|292|88.38
47|295|79.67
48|57|86.60
48|60|99.76
48|72|52.90
48|86|3.55
48|91|51.61
48|92|74.89
48|106|34.46
48|109|70.76
48|111|36.25
48|135|62.82
48|144|60.56
48|145|81.06
48|166|85.52
48|178|84.49
48|246|48.66
48|254|34.59
48|256|55.45
48|257|93.26
48|263|91.37
48|282|48.51
48|293|58.26
49|56|33.94
49|69|85.75
49|78|11.93
49|81|17.29
49|83|8.01
49|85|89.89
49|125|39.90
49|126|72.99
49|136|17.46
49|143|79.50
49|147|52.45
49|149|54.15
49|153|79.76
49|155|93.26
49|159|87.28
49|165|95.08
49|167|52.30
49|173|66.44
49|186|66.32
49|191|60.41
49|203|69.06
49|211|82.49
49|224|89.91
49|228|68.69
49|233|50.94
49|244|89.31
49|253|51.97
49|275|22.20
49|288|76.14
49|290|74.87
50|62|72.57
50|69|51.26
50|74|67.76
50|75|65.29
50|84|59.33
50|85|53.16
50|90|29.83
50|93|24.91
50|113|59.04
50|118|89.34
50|125|96.83
50|128|74.91
50|143|60.02
50|147|84.43
50|159|95.72
50|168|80.32
50|169|96.90
50|171|95.21
50|173|90.22
50|175|72.88
50|194|75.51
50|203|67.64
50|211|60.99
50|220|59.17
50|238|61.31
50|244|58.97
50|245|95.35
50|262|91.26
50|266|75.55
50|272|77.52
50|284|98.70
50|290|61.54
51|53|11.94
51|59|93.49
51|68|27.84
51|95|26.48
51|101|73.41
51|102|83.32
51|146|27.74
51|156|49.01
51|160|55.80
51|170|71.89
51|174|77.92
51|181|87.17
51|196|97.95
51|206|25.63
51|209|55.22
51|229|50.23
51|231|27.41
51|240|60.36
51|247|49.60
51|248|27.00
51|251|23.79
51|255|46.23
51|259|96.74
51|264|79.95
51|265|66.31
51|298|96.46
52|62|46.83
52|74|82.02
52|75|79.56
52|90|93.93
52|113|71.36
52|118|20.87
52|128|40.20
52|148|64.92
52|152|70.52
52|168|73.31
52|175|77.26
52|184|82.90
52|194|41.46
52|216|67.07
52|220|51.61
52|284|44.85
52|299|61.88
53|59|81.90
53|68|22.70
53|76|97.29
53|95|27.93
53|101|70.35
53|102|91.11
53|146|23.28
53|156|54.42
53|160|51.33
53|170|59.97
53|174|67.42
53|181|89.49
53|196|90.79
53|206|14.86
53|209|45.26
53|229|49.96
53|231|36.71
53|240|55.94
53|247|42.41
53|248|34.59
53|251|13.17
53|255|34.31
53|264|68.33
53|265|69.26
53|298|85.06
54|60|51.31
54|66|76.05
54|77|53.40
54|99|62.78
54|101|77.61
54|110|95.47
54|112|97.05
54|123|71.89
54|127|65.15
54|151|71.66
54|178|76.97
54|180|49.48
54|181|77.38
54|187|26.00
54|188|78.65
54|200|76.42
54|217|72.73
54|218|30.09
54|226|96.34
54|256|92.92
54|259|83.14
54|261|62.61
54|265|94.14
54|268|51.86
54|273|2.62
54|279|55.23
54|283|61.18
54|287|79.35
54|297|59.79
55|59|94.63
55|60|91.96
55|79|51.25
55|99|55.45
55|101|83.77
55|110|12.47
55|112|11.62
55|123|29.64
55|139|71.28
55|165|98.54
55|170|83.38
55|179|55.23
55|189|83.86
55|200|33.86
55|209|74.91
55|210|82.72
55|219|55.80
55|239|37.57
55|247|82.51
55|255|96.42
55|261|53.05
55|264|62.64
55|273|98.55
55|279|48.53
55|298|99.99
56|69|51.84
56|78|38.43
56|81|48.45
56|83|30.82
56|84|89.59
56|85|56.38
56|93|77.82
56|125|9.79
56|126|72.16
56|136|51.39
56|143|47.94
56|147|18.51
56|149|41.71
56|153|76.52
56|155|72.68
56|159|64.14
56|167|85.84
56|171|86.27
56|173|46.40
56|186|75.05
56|191|64.24
56|203|35.17
56|211|49.32
56|224|91.66
56|228|70.77
56|233|84.87
56|244|60.10
56|253|85.67
56|275|11.81
56|290|41.26
57|72|88.26
57|86|86.82
57|88|78.38
57|91|64.93
57|92|49.90
57|96|85.21
57|98|82.80
57|103|87.61
57|106|77.61
57|135|50.16
57|145|65.76
57|166|59.53
57|182|89.53
57|193|50.29
57|205|93.33
57|224|87.04
57|257|74.77
57|269|54.83
57|282|87.09
57|285|52.77
57|289|60.31
58|61|91.02
58|62|86.74
58|74|75.13
58|75|77.61
58|87|71.16
58|108|47.41
58|113|85.63
58|121|21.66
58|148|80.39
58|152|44.01
58|168|63.28
58|169|62.24
58|171|98.47
58|175|70.13
58|184|39.78
58|185|85.19
58|208|62.39
58|216|57.65
58|230|49.05
58|241|49.34
58|266|73.37
58|272|72.72
58|284|64.50
58|295|48.11
58|299|44.44
59|63|24.75
59|68|85.91
59|76|84.45
59|95|88.57
59|105|98.13
59|117|71.70
59|119|60.81
59|129|72.31
59|139|86.16
59|146|87.48
59|157|75.35
59|160|70.95
59|170|26.37
59|174|25.00
59|183|62.45
59|189|25.12
59|196|61.36
59|206|68.04
59|207|74.02
59|209|64.96
59|210|71.17
59|219|61.46
59|240|71.48
59|247|81.20
59|251|74.57
59|255|48.81
59|264|40.25
59|274|67.68
59|277|92.51
59|280|47.37
59|298|5.92
60|72|91.72
60|77|98.24
60|79|77.64
60|86|97.40
60|99|36.72
60|106|97.56
60|110|81.40
60|112|82.90
60|123|65.27
60|127|68.45
60|144|80.12
60|178|49.84
60|187|62.18
60|188|75.41
60|200|84.48
60|218|56.00
60|239|84.13
60|246|67.21
60|254|99.57
60|256|44.97
60|261|38.96
60|263|82.82
60|268|65.08
60|273|51.08
60|279|47.38
60|283|65.80
60|293|96.66
61|67|81.85
61|70|70.68
61|87|58.15
61|108|52.49
61|121|79.17
61|163|67.06
61|185|9.99
61|190|64.16
61|208|65.92
61|227|67.80
61|241|95.11
61|250|98.83
61|252|63.68
61|281|39.80
61|295|93.89
62|74|36.61
62|75|33.66
62|90|49.95
62|93|88.25
62|113|24.54
62|118|30.74
62|128|38.36
62|148|89.14
62|152|42.96
62|168|32.37
62|169|74.23
62|175|33.24
62|184|84.12
62|194|41.21
62|216|78.20
62|220|19.53
62|230|78.04
62|241|90.39
62|244|95.91
62|266|56.78
62|272|59.21
62|284|27.62
62|295|90.78
62|299|57.88
63|76|90.14
63|80|75.93
63|105|84.00
63|107|93.31
63|117|50.57
63|119|59.52
63|129|53.93
63|139|77.51
63|150|95.71
63|157|56.74
63|160|88.47
63|170|50.69
63|174|43.02
63|183|38.27
63|189|21.17
63|196|66.01
63|206|91.96
63|207|51.44
63|209|88.60
63|210|58.39
63|219|59.39
63|236|99.56
63|240|87.96
63|251|99.25
63|255|73.50
63|264|60.73
63|274|52.53
63|277|72.08
63|280|23.43
63|298|21.10
64|66|91.28
64|68|99.93
64|77|89.09
64|97|34.84
64|101|83.86
64|102|24.36
64|122|67.66
64|124|47.92
64|146|98.39
64|156|58.95
64|180|62.90
64|181|45.86
64|199|57.19
64|217|51.85
64|226|46.84
64|229|75.45
64|234|3.21
64|235|63.35
64|237|33.48
64|248|79.15
64|258|45.28
64|259|31.32
64|265|52.14
64|287|32.42
64|297|60.26
65|131|57.72
65|141|69.08
65|145|99.24
65|201|51.83
65|205|95.52
65|212|85.57
65|257|88.13
65|269|76.14
65|270|21.27
65|285|98.17
65|294|54.00
66|77|22.79
66|97|62.12
66|122|76.95
66|124|61.25
66|127|77.87
66|151|18.85
66|180|53.30
66|181|92.47
66|187|56.83
66|188|88.91
66|199|49.12
66|217|41.34
66|218|63.63
66|226|48.49
66|234|89.13
66|235|77.72
66|258|64.98
66|259|83.79
66|268|66.48
66|273|78.05
66|283|76.08
66|287|76.82
66|297|40.68
67|70|39.99
67|87|36.91
67|104|86.77
67|108|64.56
67|116|96.26
67|120|74.66
67|126|71.36
67|130|80.35
67|138|73.00
67|153|65.84
67|161|86.57
67|163|18.47
67|169|82.97
67|171|75.52
67|185|72.79
67|186|79.35
67|190|62.79
67|208|43.30
67|227|80.62
67|230|79.35
67|241|68.04
67|242|63.69
67|250|20.58
67|252|42.50
67|281|81.02
67|295|68.12
68|95|50.54
68|101|47.67
68|102|80.68
68|146|1.57
68|156|41.63
68|160|72.12
68|170|60.49
68|174|77.57
68|181|70.13
68|200|80.57
68|206|31.37
68|209|31.51
68|229|29.22
68|231|55.15
68|234|98.79
68|240|76.64
68|247|22.06
68|248|30.45
68|251|15.22
68|255|37.95
68|259|82.90
68|264|61.49
68|265|51.31
68|287|89.17
68|298|90.25
69|74|90.98
69|75|90.45
69|78|88.84
69|81|99.89
69|83|81.90
69|84|51.80
69|85|14.64
69|90|62.16
69|93|26.71
69|113|90.87
69|125|47.03
69|126|95.28
69|143|21.99
69|147|33.38
69|149|64.30
69|153|95.43
69|155|69.83
69|159|59.29
69|171|79.41
69|173|53.94
69|175|97.64
69|191|98.13
69|203|16.70
69|211|16.87
69|238|73.87
69|244|34.57
69|245|85.00
69|262|88.12
69|266|86.53
69|272|87.11
69|275|63.64
69|290|12.33
70|87|58.48
70|104|90.10
70|108|81.39
70|114|81.63
70|116|64.81
70|120|67.15
70|130|51.13
70|138|61.05
70|161|57.52
70|163|24.97
70|185|65.10
70|190|24.15
70|208|69.50
70|227|41.91
70|242|50.43
70|250|42.36
70|252|7.25
70|276|73.17
70|281|51.31
71|73|47.47
71|100|69.97
71|105|65.51
71|107|98.20
71|129|98.23
71|158|67.40
71|162|89.61
71|164|62.34
71|176|11.88
71|198|39.39
71|202|18.99
71|213|83.46
71|214|29.88
71|215|23.84
71|225|97.65
71|232|84.56
71|236|53.32
71|243|82.79
71|249|81.55
71|274|96.65
71|277|90.42
71|286|30.05
71|291|37.86
72|79|76.48
72|86|49.54
72|88|68.92
72|91|91.59
72|96|59.32
72|99|93.92
72|106|20.06
72|111|89.13
72|135|94.36
72|144|97.90
72|166|50.80
72|182|52.26
72|239|91.64
72|246|79.10
72|254|83.70
72|256|63.45
72|261|96.27
72|278|68.70
72|282|97.60
72|289|91.50
73|76|62.78
73|105|58.08
73|119|71.37
73|129|87.24
73|164|84.13
73|176|39.24
73|196|75.41
73|198|68.10
73|202|28.60
73|214|70.30
73|215|24.70
73|236|31.83
73|274|80.41
73|277|90.45
73|286|27.63
73|291|82.70
74|75|3.70
74|90|37.98
74|93|72.90
74|108|99.69
74|113|15.84
74|118|67.35
74|121|96.77
74|128|71.71
74|143|80.47
74|152|37.33
74|168|14.91
74|169|39.97
74|171|64.08
74|173|89.10
74|175|6.74
74|184|89.61
74|194|74.34
74|208|94.23
74|216|91.94
74|220|46.64
74|230|47.65
74|241|60.24
74|244|66.69
74|266|20.27
74|272|22.79
74|284|45.90
74|290|92.96
74|295|61.02
74|299|66.92
75|90|35.64
75|93|71.53
75|113|12.15
75|118|64.39
75|121|99.20
75|128|68.20
75|143|80.79
75|152|38.55
75|168|15.81
75|169|43.65
75|171|66.93
75|173|90.76
75|175|7.73
75|184|90.64
75|194|70.81
75|208|97.90
75|216|92.16
75|220|43.03
75|230|51.30
75|241|63.91
75|244|67.36
75|266|23.59
75|272|26.16
75|284|44.92
75|290|92.92
75|295|64.68
75|299|67.35
76|95|77.63
76|105|72.73
76|119|34.34
76|129|79.38
76|160|46.19
76|170|92.65
76|174|62.56
76|176|95.76
76|196|24.14
76|202|89.25
76|206|85.77
76|215|82.80
76|231|96.03
76|236|58.76
76|240|41.60
76|255|89.75
76|274|68.16
76|277|95.95
76|280|93.16
76|286|78.04
76|298|80.69
77|97|66.86
77|122|91.60
77|124|71.07
77|127|67.53
77|151|25.44
77|180|37.07
77|181|79.20
77|187|36.37
77|188|80.56
77|199|61.06
77|217|37.57
77|218|44.78
77|226|54.91
77|234|86.41
77|235|91.39
77|258|74.21
77|259|74.00
77|268|53.66
77|273|55.34
77|283|64.83
77|287|67.32
77|297|29.83
78|81|25.09
78|83|8.08
78|85|94.70
78|89|98.24
78|125|41.83
78|126|62.70
78|136|18.22
78|143|79.67
78|147|56.36
78|149|47.87
78|153|69.79
78|159|96.87
78|165|95.53
78|167|48.62
78|171|97.24
78|173|61.78
78|186|54.71
78|191|72.31
78|203|72.24
78|211|87.75
78|228|80.60
78|233|50.00
78|244|87.72
78|253|48.79
78|271|93.20
78|275|27.91
78|288|66.72
78|290|77.24
79|96|92.99
79|99|48.92
79|106|95.05
79|110|40.62
79|112|40.62
79|123|54.07
79|139|84.18
79|165|74.79
79|179|53.05
79|182|83.56
79|200|75.66
79|219|86.37
79|223|97.64
79|239|15.18
79|256|91.02
79|261|49.03
79|278|70.34
79|279|60.00
80|82|64.87
80|89|94.94
80|94|41.82
80|104|93.48
80|105|79.86
80|107|38.71
80|114|80.57
80|117|49.63
80|120|99.34
80|129|56.51
80|132|43.98
80|133|39.29
80|134|67.89
80|139|98.76
80|142|55.42
80|150|49.25
80|157|59.84
80|162|99.87
80|164|75.45
80|177|51.10
80|183|41.26
80|189|87.43
80|195|92.49
80|198|97.52
80|207|41.85
80|210|79.37
80|243|91.16
80|267|60.91
80|271|87.13
80|274|67.42
80|277|47.50
80|280|54.28
80|292|70.65
80|296|46.51
80|298|96.54
81|83|24.95
81|88|88.41
81|89|95.21
81|96|91.90
81|125|55.75
81|126|87.73
81|136|12.79
81|143|95.59
81|147|66.59
81|149|71.23
81|153|94.87
81|155|96.60
81|159|92.32
81|165|80.33
81|167|43.68
81|173|83.73
81|182|97.04
81|186|78.39
81|191|53.67
81|203|83.39
81|211|94.62
81|223|93.36
81|224|81.98
81|228|62.01
81|233|38.90
81|253|42.69
81|275|36.80
81|278|84.68
81|288|75.74
81|289|99.17
81|290|89.70
82|94|23.05
82|100|77.71
82|104|82.25
82|107|58.27
82|114|37.11
82|116|50.76
82|120|68.17
82|130|60.88
82|132|21.42
82|133|37.84
82|134|92.54
82|138|65.32
82|142|40.54
82|150|85.28
82|161|54.73
82|162|64.40
82|164|80.10
82|172|87.06
82|177|27.01
82|192|80.43
82|195|28.12
82|232|74.83
82|242|72.68
82|243|63.14
82|249|94.02
82|267|68.61
82|271|95.39
82|276|96.99
82|277|86.73
82|292|63.36
82|296|35.16
83|85|87.20
83|125|35.12
83|126|65.27
83|136|22.20
83|143|73.97
83|147|49.03
83|149|46.29
83|153|71.93
83|155|95.58
83|159|88.87
83|167|55.30
83|171|96.11
83|173|58.97
83|186|59.55
83|191|66.83
83|203|65.22
83|211|80.12
83|224|96.41
83|228|75.00
83|233|55.50
83|244|82.98
83|253|55.28
83|275|19.94
83|288|74.79
83|290|70.54
84|85|38.27
84|90|86.77
84|93|52.60
84|115|76.30
84|125|89.43
84|137|99.41
84|143|73.67
84|147|73.59
84|155|52.15
84|159|47.00
84|203|62.43
84|211|42.30
84|222|83.92
84|238|27.42
84|244|84.36
84|245|37.29
84|262|37.12
84|275|99.79
84|290|62.49
85|90|70.21
85|93|31.76
85|125|53.92
85|143|36.44
85|147|38.44
85|149|76.22
85|155|57.45
85|159|47.24
85|171|94.05
85|173|67.27
85|191|92.69
85|203|24.67
85|211|8.04
85|222|97.87
85|228|94.80
85|238|62.31
85|244|49.16
85|245|70.40
85|262|73.90
85|266|99.44
85|275|67.78
85|290|24.24
86|91|54.40
86|92|77.10
86|106|31.40
86|109|74.30
86|111|39.69
86|135|65.03
86|144|61.33
86|145|83.74
86|166|83.38
86|178|83.79
86|182|97.40
86|246|48.42
86|254|36.84
86|256|53.41
86|257|96.06
86|263|91.97
86|282|51.97
86|293|59.98
87|108|27.65
87|121|74.60
87|126|94.98
87|152|97.38
87|153|87.83
87|163|35.80
87|169|67.70
87|171|78.40
87|185|48.16
87|190|72.74
87|208|11.73
87|227|87.82
87|230|58.30
87|241|45.66
87|242|97.68
87|250|57.49
87|252|56.03
87|266|90.03
87|272|87.64
87|281|75.09
87|295|44.98
88|96|13.87
88|106|78.23
88|136|98.77
88|165|91.29
88|166|25.80
88|182|23.56
88|191|62.73
88|224|54.61
88|228|61.11
88|233|93.58
88|278|43.39
88|289|34.73
89|104|86.61
89|117|63.59
89|134|44.83
89|136|86.71
89|139|47.78
89|142|97.39
89|150|50.62
89|157|53.92
89|165|49.02
89|167|51.73
89|179|62.78
89|183|84.24
89|207|67.84
89|210|54.49
89|219|75.95
89|223|14.29
89|233|57.52
89|253|52.54
89|267|70.66
89|271|59.57
89|288|47.75
89|292|83.68
90|93|38.69
90|113|31.01
90|118|74.12
90|125|99.82
90|128|66.54
90|143|59.98
90|147|91.14
90|149|97.77
90|152|73.54
90|168|51.01
90|169|68.97
90|171|74.86
90|173|82.01
90|175|43.31
90|194|68.20
90|203|75.48
90|211|76.77
90|220|43.38
90|230|80.68
90|238|91.13
90|241|92.44
90|244|51.48
90|266|46.92
90|272|49.12
90|284|73.13
90|290|68.17
90|295|93.53
91|92|27.34
91|106|71.91
91|109|48.16
91|111|42.71
91|135|17.43
91|144|96.48
91|145|29.56
91|166|98.93
91|246|92.76
91|254|63.21
91|257|41.66
91|269|63.41
91|282|22.75
91|293|85.49
92|106|86.97
92|109|68.63
92|111|69.99
92|135|12.07
92|145|16.14
92|166|98.59
92|193|83.02
92|254|90.46
92|257|27.32
92|269|36.23
92|270|84.67
92|282|48.35
92|285|76.46
93|113|69.31
93|125|71.95
93|128|97.58
93|143|36.34
93|147|59.60
93|149|82.03
93|155|87.87
93|159|78.14
93|168|87.33
93|169|92.42
93|171|81.26
93|173|68.41
93|175|79.17
93|194|98.51
93|203|42.81
93|211|38.82
93|220|78.58
93|238|65.58
93|244|38.99
93|245|89.78
93|262|89.07
93|266|73.90
93|272|75.21
93|275|89.61
93|290|36.63
94|100|80.67
94|104|80.80
94|105|97.18
94|107|41.79
94|114|47.36
94|116|71.33
94|117|88.80
94|120|74.57
94|129|86.06
94|130|78.81
94|132|4.24
94|133|22.38
94|134|78.85
94|138|74.41
94|142|34.62
94|150|67.85
94|157|97.31
94|161|73.21
94|162|72.34
94|164|71.91
94|177|21.00
94|183|83.05
94|195|50.83
94|198|94.66
94|207|81.44
94|232|82.70
94|242|83.64
94|243|67.37
94|267|58.37
94|271|87.34
94|274|97.24
94|277|68.35
94|280|94.46
94|292|58.46
94|296|24.36
95|101|98.02
95|119|91.88
95|146|50.99
95|156|74.90
95|160|32.79
95|170|72.98
95|174|67.74
95|196|77.39
95|206|28.12
95|209|70.30
95|229|76.20
95|231|22.66
95|240|36.97
95|247|69.99
95|248|52.27
95|251|39.61
95|255|49.93
95|264|87.03
95|265|92.76
95|298|90.01
96|106|71.35
96|165|82.50
96|166|26.86
96|182|9.79
96|191|73.50
96|224|68.11
96|228|72.88
96|233|91.17
96|278|32.05
96|289|48.12
97|102|59.15
97|122|40.82
97|124|15.47
97|151|80.57
97|156|90.32
97|180|55.32
97|181|63.78
97|187|98.85
97|199|22.39
97|217|31.84
97|226|13.76
97|234|34.08
97|235|37.66
97|237|40.41
97|258|14.82
97|259|48.04
97|265|78.30
97|287|43.52
97|297|44.53
98|103|30.27
98|115|91.74
98|131|61.39
98|137|41.84
98|141|47.76
98|193|32.54
98|197|52.72
98|201|89.09
98|205|19.74
98|212|42.88
98|222|65.09
98|224|95.13
98|269|82.68
98|285|34.32
98|289|94.74
98|294|59.25
99|101|93.89
99|110|44.68
99|112|46.18
99|123|31.04
99|178|86.33
99|179|92.84
99|187|83.90
99|200|54.09
99|218|81.49
99|239|50.95
99|246|98.00
99|256|71.22
99|261|2.86
99|268|96.34
99|273|61.06
99|279|18.86
99|283|99.51
100|105|80.14
100|107|63.39
100|129|98.28
100|132|76.52
100|133|64.65
100|140|51.10
100|158|85.64
100|162|19.68
100|164|37.90
100|172|97.10
100|176|71.18
100|177|99.40
100|195|76.77
100|198|40.28
100|202|84.82
100|204|90.98
100|213|67.41
100|214|80.23
100|215|84.30
100|225|61.73
100|232|17.30
100|236|91.98
100|243|14.67
100|249|29.30
100|260|94.41
100|277|78.56
100|286|80.26
100|291|36.55
100|296|58.64
101|102|75.41
101|110|88.60
101|112|89.38
101|123|72.32
101|146|47.08
101|156|47.93
101|170|86.45
101|180|67.59
101|181|39.55
101|187|98.70
101|200|51.20
101|206|77.55
101|209|47.93
101|217|87.95
101|229|26.06
101|231|99.00
101|234|81.43
101|247|34.14
101|248|59.58
101|251|61.27
101|255|74.39
101|259|55.69
101|261|91.42
101|264|74.90
101|265|35.34
101|273|75.49
101|279|75.07
101|287|59.44
101|297|81.65
102|122|90.41
102|124|72.16
102|146|79.12
102|156|39.09
102|180|76.18
102|181|44.71
102|199|81.53
102|217|71.92
102|226|70.71
102|229|60.28
102|231|91.43
102|234|25.20
102|235|85.94
102|237|48.26
102|247|89.65
102|248|56.65
102|251|93.47
102|258|69.36
102|259|37.06
102|265|40.21
102|287|42.16
102|297|77.76
103|115|77.84
103|131|91.26
103|137|27.25
103|141|77.58
103|155|74.94
103|159|85.60
103|191|95.38
103|193|43.25
103|197|56.11
103|205|48.83
103|212|69.90
103|222|34.85
103|224|70.86
103|228|87.27
103|245|78.94
103|262|88.73
103|285|53.42
103|289|78.73
103|294|89.51
104|114|50.21
104|116|80.10
104|120|28.08
104|126|80.53
104|130|70.18
104|132|84.43
104|134|47.39
104|138|36.93
104|142|46.20
104|150|61.25
104|153|83.80
104|161|70.92
104|163|94.30
104|167|93.54
104|177|60.22
104|186|65.23
104|195|97.54
104|242|44.11
104|250|66.19
104|252|97.34
104|253|95.74
104|267|33.72
104|271|27.17
104|288|52.84
104|292|23.45
105|107|55.42
105|119|51.16
105|129|33.03
105|132|95.42
105|133|75.68
105|162|94.61
105|164|43.61
105|174|92.89
105|176|54.38
105|183|84.53
105|196|65.18
105|198|45.84
105|202|59.81
105|207|99.39
105|214|95.16
105|215|52.27
105|232|96.96
105|236|26.63
105|243|83.19
105|274|31.47
105|277|32.41
105|280|68.03
105|286|40.82
105|291|76.78
105|296|77.40
105|298|92.21
106|111|70.24
106|135|75.91
106|144|86.75
106|145|98.11
106|166|55.47
106|178|99.80
106|182|66.17
106|246|69.70
106|254|67.54
106|256|61.22
106|278|86.25
106|282|77.58
106|289|94.14
106|293|88.99
107|114|89.08
107|117|84.41
107|119|94.85
107|129|49.41
107|132|40.04
107|133|20.55
107|142|73.41
107|150|86.42
107|157|95.72
107|162|66.14
107|164|37.25
107|176|91.18
107|177|61.86
107|183|69.57
107|195|79.57
107|198|60.03
107|207|76.66
107|215|96.71
107|232|73.92
107|236|80.96
107|243|55.91
107|249|91.78
107|267|90.30
107|274|59.77
107|277|28.79
107|280|70.00
107|286|86.50
107|291|85.49
107|292|95.24
107|296|23.93
108|121|47.34
108|152|81.96
108|163|61.61
108|168|93.34
108|169|67.46
108|171|90.33
108|175|97.30
108|184|85.24
108|185|43.98
108|190|90.41
108|208|24.63
108|230|54.19
108|241|43.64
108|250|85.14
108|252|77.35
108|266|88.08
108|272|86.15
108|281|82.69
108|295|42.29
108|299|91.40
109|111|36.09
109|135|63.46
109|144|80.84
109|145|59.05
109|246|87.58
109|254|54.87
109|257|62.70
109|269|98.70
109|282|28.11
109|293|64.57
110|112|1.61
110|123|23.93
110|139|76.97
110|165|96.24
110|170|95.72
110|179|56.03
110|189|95.58
110|200|37.40
110|209|85.25
110|210|90.72
110|219|65.23
110|239|28.49
110|247|91.40
110|261|42.50
110|264|74.89
110|273|93.11
110|279|40.91
111|135|59.82
111|144|55.02
111|145|68.51
111|178|90.21
111|246|55.66
111|254|22.72
111|256|76.39
111|257|77.82
111|263|83.40
111|282|24.21
111|293|42.84
112|123|25.45
112|139|75.36
112|165|95.04
112|170|95.00
112|179|54.57
112|189|94.30
112|200|38.22
112|209|85.18
112|210|89.13
112|219|63.70
112|239|28.07
112|247|91.61
112|261|44.03
112|264|74.22
112|273|94.68
112|279|42.52
113|118|54.56
113|128|56.48
113|143|84.04
113|152|43.61
113|168|22.38
113|169|55.80
113|171|77.35
113|173|97.86
113|175|16.87
113|184|93.94
113|194|59.03
113|216|92.85
113|220|31.04
113|230|63.17
113|241|75.81
113|244|71.88
113|266|35.31
113|272|37.92
113|284|42.72
113|290|94.90
113|295|76.53
113|299|69.10
114|116|36.90
114|120|31.29
114|130|36.22
114|132|49.15
114|133|69.07
114|134|76.65
114|138|28.33
114|142|28.50
114|150|77.81
114|161|32.54
114|162|99.77
114|163|98.25
114|172|99.13
114|177|29.75
114|190|88.45
114|192|89.23
114|195|47.37
114|227|94.56
114|242|36.58
114|243|99.77
114|250|83.16
114|252|87.90
114|267|50.88
114|271|70.19
114|276|91.25
114|288|99.97
114|292|38.65
114|296|68.90
115|137|51.92
115|155|84.37
115|159|89.99
115|197|50.18
115|205|97.31
115|222|77.11
115|238|67.20
115|245|42.98
115|262|39.18
116|120|53.39
116|130|16.24
116|132|71.07
116|133|88.59
116|138|45.19
116|142|64.58
116|154|77.22
116|161|11.01
116|162|95.46
116|163|87.58
116|172|67.97
116|177|61.11
116|190|61.91
116|192|56.83
116|195|36.99
116|221|82.40
116|227|62.82
116|242|44.48
116|243|99.71
116|250|85.14
116|252|68.98
116|260|90.11
116|267|87.58
116|276|54.35
116|281|91.50
116|292|74.39
116|296|85.51
117|129|72.81
117|132|91.76
117|133|88.87
117|134|63.88
117|139|50.46
117|142|87.97
117|150|46.62
117|157|11.89
117|170|93.28
117|174|93.37
117|177|90.81
117|179|82.44
117|183|20.98
117|189|49.92
117|207|7.84
117|210|29.90
117|219|54.70
117|223|69.13
117|264|94.03
117|267|75.83
117|271|89.08
117|274|79.19
117|277|78.66
117|280|43.45
117|288|98.04
117|292|90.79
117|296|96.10
117|298|70.10
118|128|22.04
118|148|81.08
118|152|65.22
118|168|61.61
118|175|63.70
118|184|90.80
118|194|24.12
118|216|78.30
118|220|31.11
118|266|87.48
118|272|89.89
118|284|40.89
118|299|66.37
119|129|47.05
119|160|59.67
119|164|94.24
119|170|77.38
119|174|46.41
119|176|92.32
119|183|83.12
119|189|78.11
119|196|15.33
119|198|95.84
119|202|90.67
119|206|89.24
119|207|99.87
119|215|82.86
119|236|50.83
119|240|56.22
119|255|84.22
119|264|97.29
119|274|35.81
119|277|66.07
119|280|59.21
119|286|74.16
119|298|55.70
120|126|92.33
120|130|42.26
120|132|77.24
120|133|96.94
120|134|70.74
120|138|8.85
120|142|44.32
120|150|79.84
120|153|93.37
120|161|43.53
120|163|77.06
120|177|54.04
120|186|81.80
120|190|81.94
120|195|76.57
120|227|93.44
120|242|17.34
120|250|55.53
120|252|74.30
120|267|49.43
120|271|54.57
120|288|80.82
120|292|34.06
120|296|97.91
121|148|82.36
121|152|64.42
121|168|84.66
121|169|81.89
121|175|91.68
121|184|41.51
121|185|75.31
121|208|68.59
121|216|61.63
121|230|67.93
121|241|65.44
121|266|94.64
121|272|93.86
121|284|82.15
121|295|64.03
121|299|57.02
122|124|26.17
122|151|95.02
122|180|92.52
122|199|31.09
122|217|66.32
122|226|42.56
122|234|68.44
122|235|4.61
122|237|49.15
122|258|26.00
122|259|88.32
122|287|84.22
122|297|78.95
123|179|79.91
123|187|97.10
123|200|24.74
123|209|81.57
123|218|97.81
123|219|85.32
123|229|96.37
123|239|46.87
123|247|83.30
123|261|28.22
123|264|80.55
123|273|69.48
123|279|19.19
124|151|80.10
124|180|66.87
124|181|79.18
124|199|12.91
124|217|41.14
124|226|17.41
124|234|47.77
124|235|23.69
124|237|43.10
124|258|3.97
124|259|63.50
124|265|93.69
124|287|58.85
124|297|54.04
125|126|65.39
125|136|56.94
125|143|39.84
125|147|15.85
125|149|33.64
125|153|69.11
125|155|78.24
125|159|69.01
125|167|90.32
125|171|76.61
125|173|36.83
125|186|70.53
125|191|73.91
125|203|30.51
125|211|47.69
125|228|80.31
125|233|90.47
125|244|51.07
125|253|90.36
125|275|19.29
125|290|35.45
126|136|78.47
126|138|97.69
126|143|74.84
126|147|78.21
126|149|32.88
126|153|7.83
126|163|89.56
126|167|92.41
126|169|84.50
126|171|48.76
126|173|41.58
126|186|20.39
126|203|84.37
126|208|92.57
126|230|92.81
126|241|89.85
126|242|95.29
126|244|70.92
126|250|63.58
126|253|93.91
126|266|93.22
126|271|85.88
126|272|91.16
126|275|71.67
126|288|77.86
126|290|83.90
126|295|91.07
127|144|69.91
127|151|60.42
127|178|39.79
127|180|94.69
127|187|44.97
127|188|14.28
127|218|36.19
127|246|75.21
127|256|78.92
127|263|45.89
127|268|15.23
127|273|67.52
127|283|3.97
127|293|84.21
127|297|94.72
128|152|79.93
128|168|70.47
128|175|70.00
128|194|2.86
128|220|25.80
128|266|91.73
128|272|94.32
128|284|58.44
128|299|86.50
129|132|85.72
129|133|68.59
129|157|84.27
129|164|60.78
129|170|97.51
129|174|74.30
129|176|87.31
129|183|51.89
129|189|74.54
129|196|62.12
129|198|72.77
129|202|92.69
129|207|67.41
129|210|96.84
129|215|85.01
129|236|55.74
129|243|96.57
129|274|11.29
129|277|21.54
129|280|35.37
129|286|73.61
129|296|73.17
129|298|66.51
130|132|79.36
130|133|98.18
130|138|33.46
130|142|64.59
130|154|87.39
130|161|6.45
130|163|72.62
130|172|81.82
130|177|64.80
130|190|53.03
130|192|70.30
130|195|52.12
130|221|95.88
130|227|58.35
130|242|30.11
130|250|68.91
130|252|56.17
130|267|83.50
130|271|95.80
130|276|60.29
130|281|84.97
130|292|68.99
130|296|96.03
131|137|93.22
131|141|13.69
131|193|76.28
131|197|79.91
131|201|29.06
131|205|42.53
131|212|27.91
131|269|78.17
131|270|57.59
131|285|64.85
131|294|10.51
132|133|19.93
132|134|83.09
132|138|76.67
132|142|38.34
132|150|71.94
132|161|73.58
132|162|68.10
132|164|68.71
132|177|24.32
132|183|85.23
132|195|48.53
132|198|91.30
132|207|84.30
132|232|78.45
132|242|85.65
132|243|63.16
132|249|98.32
132|267|62.55
132|271|91.46
132|274|96.83
132|277|67.37
132|280|95.71
132|292|62.30
132|296|20.94
133|134|94.09
133|138|96.58
133|142|56.20
133|150|79.64
133|157|99.11
133|161|92.20
133|162|61.09
133|164|50.06
133|177|43.27
133|183|78.06
133|195|60.74
133|198|73.08
133|207|81.06
133|232|70.60
133|243|53.30
133|249|90.07
133|267|76.99
133|274|79.37
133|277|48.90
133|280|83.92
133|291|93.61
133|292|79.40
133|296|7.23
134|138|78.61
134|139|80.74
134|142|53.29
134|150|20.07
134|157|61.58
134|165|92.75
134|167|74.91
134|177|65.53
134|183|78.33
134|186|90.32
134|207|62.83
134|210|75.10
134|223|59.10
134|233|85.34
134|242|88.07
134|253|76.76
134|267|25.86
134|271|25.21
134|288|41.40
134|292|39.21
134|296|99.66
135|145|22.95
135|166|92.38
135|193|89.41
135|254|79.46
135|257|35.78
135|269|47.83
135|270|96.60
135|282|39.95
135|285|84.36
136|143|96.14
136|147|69.89
136|149|66.07
136|153|85.90
136|165|78.31
136|167|35.11
136|173|79.95
136|186|67.38
136|191|66.40
136|203|86.46
136|211|99.86
136|223|86.46
136|224|94.77
136|228|74.76
136|233|33.57
136|253|34.65
136|271|92.63
136|275|39.66
136|278|90.40
136|288|63.52
136|290|92.15
137|141|80.14
137|155|75.92
137|159|85.79
137|193|66.84
137|197|33.59
137|205|53.00
137|212|67.04
137|222|44.41
137|224|90.89
137|245|63.31
137|262|70.38
137|285|73.92
137|294|94.55
138|142|47.02
138|150|86.58
138|153|98.13
138|161|35.02
138|163|73.32
138|177|54.69
138|186|88.44
138|190|74.31
138|195|70.74
138|227|85.16
138|242|10.70
138|250|55.09
138|252|68.06
138|267|56.23
138|271|63.28
138|276|93.52
138|288|89.67
138|292|40.80
138|296|96.90
139|150|74.30
139|157|39.13
139|165|59.78
139|167|92.66
139|170|95.78
139|179|32.00
139|183|68.55
139|189|61.73
139|207|58.15
139|210|21.86
139|219|28.97
139|223|41.40
139|233|94.06
139|239|72.41
139|253|92.67
139|264|85.36
139|280|84.38
139|288|95.41
139|298|88.16
140|154|95.66
140|158|77.89
140|162|45.40
140|164|88.96
140|172|71.36
140|192|79.78
140|195|86.95
140|198|86.48
140|204|49.49
140|213|42.43
140|214|96.77
140|221|69.17
140|225|20.78
140|232|37.14
140|243|55.11
140|249|23.07
140|260|57.69
140|291|64.64
140|296|99.24
141|193|64.67
141|197|69.38
141|201|41.79
141|205|28.85
141|212|18.05
141|269|76.09
141|270|65.73
141|285|54.40
141|294|15.45
142|150|50.52
142|157|92.80
142|161|61.03
142|177|14.64
142|183|90.45
142|195|63.59
142|207|82.29
142|242|57.53
142|250|99.75
142|267|28.29
142|271|55.06
142|277|96.22
142|288|84.89
142|292|24.10
142|296|58.97
143|147|32.83
143|149|45.85
143|153|74.33
143|155|87.65
143|159|76.98
143|168|95.14
143|169|83.01
143|171|58.04
143|173|33.27
143|175|87.19
143|186|88.91
143|203|21.10
143|211|36.51
143|230|97.43
143|238|94.59
143|244|15.30
143|266|71.83
143|272|71.88
143|275|58.99
143|290|14.89
144|178|37.68
144|188|60.32
144|218|95.59
144|246|19.91
144|254|33.27
144|256|46.96
144|263|30.96
144|268|82.40
144|282|79.17
144|283|71.83
144|293|17.13
145|193|94.87
145|254|90.55
145|257|12.98
145|269|39.78
145|270|78.59
145|282|44.70
145|285|86.61
146|156|40.07
146|160|73.12
146|170|62.04
146|174|79.08
146|181|68.84
146|200|80.96
146|206|32.51
146|209|32.70
146|229|28.01
146|231|54.94
146|234|97.26
146|240|77.66
146|247|22.59
146|248|29.11
146|251|16.51
146|255|39.51
146|259|81.51
146|264|62.88
146|265|49.90
146|287|87.81
146|298|91.82
147|149|45.42
147|153|80.96
147|155|66.24
147|159|56.32
147|171|81.12
147|173|43.52
147|186|85.32
147|191|73.17
147|203|16.79
147|211|31.92
147|224|97.67
147|228|78.32
147|238|99.67
147|244|46.96
147|245|98.14
147|275|30.29
147|290|23.37
148|152|76.21
148|168|94.82
148|184|41.48
148|216|22.95
148|284|64.84
148|299|45.66
149|153|35.68
149|167|91.41
149|169|87.36
149|171|49.83
149|173|15.83
149|186|43.39
149|203|52.00
149|211|72.42
149|230|99.32
149|233|95.79
149|244|46.96
149|250|95.60
149|253|92.25
149|266|87.94
149|272|86.60
149|275|44.50
149|288|91.61
149|290|52.36
150|157|46.96
150|165|99.51
150|167|90.70
150|177|59.32
150|183|58.98
150|189|96.48
150|207|44.29
150|210|63.70
150|219|92.42
150|223|63.73
150|242|96.87
150|253|92.35
150|267|30.42
150|271|43.93
150|277|95.86
150|280|82.44
150|288|60.80
150|292|45.84
150|296|85.87
151|178|98.83
151|180|62.27
151|187|48.28
151|188|70.69
151|199|67.90
151|217|56.91
151|218|52.54
151|226|67.06
151|235|96.04
151|258|83.82
151|259|97.40
151|268|50.51
151|273|74.00
151|283|59.04
151|287|90.52
151|297|52.87
152|168|22.74
152|169|49.97
152|171|86.41
152|175|30.90
152|184|52.30
152|194|82.79
152|208|86.03
152|216|56.49
152|220|61.96
152|230|46.04
152|241|56.20
152|266|45.99
152|272|46.92
152|284|25.70
152|295|56.05
152|299|31.17
153|163|84.22
153|169|77.24
153|171|42.36
153|173|41.52
153|186|27.38
153|203|85.66
153|208|85.08
153|230|85.21
153|241|82.06
153|242|94.90
153|244|68.86
153|250|59.94
153|266|86.85
153|271|91.17
153|272|84.71
153|275|77.00
153|288|84.80
153|290|84.51
153|295|83.27
154|161|86.01
154|172|27.89
154|190|84.53
154|192|28.68
154|195|80.38
154|204|50.13
154|221|26.70
154|227|68.45
154|260|39.07
154|276|32.50
154|281|88.58
155|159|10.67
155|191|57.56
155|203|67.39
155|211|52.97
155|222|40.86
155|224|60.18
155|228|54.66
155|238|75.30
155|245|46.67
155|262|58.54
155|275|77.92
155|289|90.61
155|290|72.76
156|180|83.43
156|181|41.10
156|200|97.73
156|206|68.31
156|209|67.85
156|217|91.22
156|226|98.87
156|229|24.85
156|231|65.58
156|234|58.14
156|237|87.28
156|247|51.99
156|248|22.80
156|251|54.92
156|255|79.51
156|259|48.15
156|264|99.77
156|265|20.73
156|287|55.10
156|297|91.70
157|165|89.63
157|170|94.60
157|174|98.47
157|177|97.26
157|179|71.12
157|183|32.39
157|189|51.60
157|207|19.18
157|210|19.98
157|219|47.42
157|223|58.19
157|264|92.69
157|267|77.27
157|271|86.61
157|274|90.22
157|277|90.54
157|280|53.46
157|288|92.02
157|292|92.61
157|298|74.64
158|162|98.49
158|176|79.06
158|198|86.95
158|202|83.82
158|213|37.27
158|214|41.18
158|215|90.50
158|225|61.01
158|232|88.46
158|243|99.68
158|249|71.69
158|286|97.39
158|291|56.92
159|173|99.13
159|191|58.91
159|203|56.77
159|211|42.44
159|222|51.51
159|224|66.31
159|228|57.49
159|238|72.23
159|244|91.93
159|245|49.62
159|262|60.33
159|275|70.40
159|289|97.45
159|290|62.09
160|170|65.15
160|174|46.39
160|189|96.07
160|196|44.84
160|206|41.09
160|209|79.89
160|231|53.90
160|240|4.61
160|247|86.10
160|248|82.79
160|251|57.48
160|255|51.59
160|264|84.40
160|274|93.67
160|298|70.38
161|163|79.06
161|172|78.49
161|177|60.09
161|190|58.41
161|192|67.17
161|195|45.80
161|221|92.79
161|227|62.45
161|242|33.55
161|250|74.60
161|252|62.45
161|267|81.58
161|271|95.75
161|276|60.61
161|281|89.83
161|292|67.56
161|296|89.88
162|164|51.01
162|172|78.45
162|176|90.78
162|177|88.76
162|192|80.88
162|195|58.80
162|198|58.78
162|204|76.29
162|213|73.80
162|214|98.35
162|221|84.69
162|225|61.63
162|232|10.51
162|243|11.59
162|249|30.27
162|260|78.06
162|277|87.05
162|286|99.18
162|291|55.09
162|296|54.11
163|169|94.84
163|171|92.29
163|185|58.82
163|186|96.35
163|190|45.56
163|208|45.91
163|227|63.14
163|230|88.83
163|241|76.60
163|242|62.93
163|250|31.81
163|252|25.49
163|276|97.27
163|281|62.62
163|295|76.34
164|176|57.01
164|177|92.90
164|183|99.79
164|195|91.65
164|198|23.17
164|202|69.47
164|213|98.68
164|214|85.15
164|215|65.51
164|225|97.92
164|232|53.96
164|236|60.83
164|243|39.58
164|249|66.65
164|274|66.55
164|277|42.28
164|280|92.69
164|286|57.21
164|291|49.24
164|296|47.80
165|167|51.13
165|179|45.78
165|182|78.80
165|210|79.25
165|219|85.00
165|223|36.01
165|233|45.72
165|239|73.54
165|253|49.84
165|278|51.67
165|288|78.99
166|182|30.00
166|191|84.94
166|193|95.10
166|224|69.79
166|228|81.72
166|278|57.08
166|289|40.73
167|179|92.44
167|186|75.17
167|191|92.87
167|223|51.64
167|233|11.85
167|253|2.21
167|267|96.33
167|271|70.82
167|275|74.33
167|278|81.97
167|288|41.01
168|169|42.57
168|171|73.35
168|175|8.25
168|184|74.87
168|194|73.28
168|208|91.53
168|216|77.10
168|220|47.78
168|230|45.69
168|241|58.10
168|244|81.12
168|266|29.14
168|272|31.01
168|284|32.98
168|295|58.55
168|299|52.02
169|171|38.03
169|173|75.58
169|175|41.24
169|184|92.89
169|208|56.44
169|220|86.52
169|230|14.49
169|241|23.96
169|244|67.77
169|250|96.47
169|266|22.35
169|272|19.94
169|284|72.30
169|290|97.79
169|295|25.23
169|299|78.99
170|174|31.40
170|183|87.12
170|189|43.38
170|196|72.93
170|200|81.21
170|206|47.87
170|207|96.84
170|209|38.77
170|210|85.74
170|219|67.51
170|229|83.50
170|231|92.36
170|240|67.33
170|247|54.85
170|248|89.40
170|251|50.64
170|255|25.66
170|264|21.04
170|274|91.74
170|280|73.68
170|298|31.58
171|173|39.91
171|175|68.60
171|186|69.15
171|203|77.10
171|208|70.41
171|211|94.54
171|230|49.50
171|241|51.43
171|244|45.23
171|250|81.17
171|266|44.50
171|272|42.41
171|275|92.28
171|290|72.45
171|295|52.91
172|190|95.71
172|192|11.73
172|195|59.14
172|204|34.39
172|221|14.67
172|225|89.21
172|227|82.71
172|232|80.57
172|243|88.94
172|249|84.66
172|260|23.02
172|276|45.12
173|175|95.19
173|186|56.34
173|203|44.76
173|211|64.90
173|230|88.48
173|241|91.32
173|244|31.64
173|266|73.71
173|272|72.58
173|275|52.61
173|290|43.05
173|295|92.80
174|183|80.63
174|189|49.93
174|196|41.66
174|206|52.60
174|207|94.45
174|209|65.66
174|210|95.87
174|219|85.99
174|231|90.13
174|236|97.13
174|240|46.63
174|247|79.51
174|251|63.68
174|255|40.24
174|264|52.07
174|274|66.36
174|277|95.81
174|280|60.48
174|298|23.99
175|184|83.10
175|194|72.72
175|208|93.49
175|216|85.21
175|220|45.80
175|230|46.95
175|241|59.59
175|244|73.34
175|266|24.14
175|272|26.39
175|284|39.56
175|290|99.70
175|295|60.22
175|299|60.20
176|198|35.42
176|202|13.69
176|213|93.14
176|214|41.64
176|215|14.55
176|232|87.00
176|236|41.48
176|243|82.74
176|249|86.61
176|274|85.23
176|277|80.84
176|286|18.35
176|291|43.47
177|183|89.89
177|195|52.52
177|207|84.31
177|232|99.27
177|242|64.49
177|243|85.44
177|267|41.82
177|271|69.50
177|277|86.74
177|288|99.13
177|292|38.69
177|296|45.23
178|187|68.85
178|188|36.91
178|218|58.56
178|246|36.58
178|254|67.51
178|256|40.68
178|261|88.69
178|263|33.01
178|268|48.61
178|273|78.44
178|279|96.60
178|283|40.17
178|293|54.60
179|183|99.99
179|189|84.52
179|200|89.04
179|207|90.15
179|210|53.24
179|219|45.05
179|223|50.27
179|233|89.75
179|239|43.02
179|253|91.70
179|261|91.67
179|264|93.24
179|278|79.50
179|279|95.37
180|181|42.39
180|187|51.51
180|199|62.90
180|200|96.83
180|217|26.46
180|218|61.80
180|226|49.96
180|229|80.35
180|234|59.77
180|235|90.50
180|237|89.38
180|258|68.35
180|259|39.82
180|265|63.32
180|268|79.49
180|273|49.77
180|279|93.25
180|283|91.20
180|287|34.04
180|297|15.44
181|187|89.42
181|199|82.22
181|200|86.44
181|209|83.51
181|217|53.92
181|218|99.08
181|226|67.82
181|229|41.04
181|234|43.10
181|237|79.30
181|247|67.25
181|248|63.15
181|251|85.35
181|258|78.45
181|259|16.14
181|265|21.01
181|273|76.31
181|279|99.60
181|287|20.44
181|297|51.85
182|191|82.47
182|224|77.89
182|228|82.22
182|233|92.47
182|239|95.51
182|278|27.17
182|289|57.25
183|189|46.37
183|196|94.28
183|207|16.81
183|210|46.80
183|219|65.60
183|223|90.12
183|264|92.56
183|267|84.71
183|274|58.25
183|277|59.33
183|280|24.03
183|292|98.48
183|296|85.14
183|298|59.33
184|216|20.14
184|230|82.46
184|241|86.28
184|266|96.33
184|272|96.69
184|284|56.58
184|295|85.28
184|299|26.26
185|190|61.89
185|208|56.05
185|227|68.15
185|230|97.37
185|241|85.86
185|250|90.40
185|252|58.41
185|281|42.38
185|295|84.68
186|203|94.69
186|233|84.15
186|242|88.20
186|244|87.50
186|250|66.58
186|253|76.87
186|267|92.91
186|271|66.77
186|275|71.30
186|288|57.50
186|290|95.63
186|292|87.74
187|188|59.23
187|199|96.58
187|217|67.17
187|218|10.34
187|226|88.56
187|256|95.56
187|259|90.73
187|261|84.31
187|263|88.37
187|268|29.98
187|273|28.61
187|279|79.52
187|283|41.17
187|287|85.39
187|297|55.24
188|218|50.28
188|246|68.83
188|254|93.58
188|256|77.58
188|263|33.27
188|268|29.49
188|273|80.95
188|283|18.07
188|293|73.18
189|196|82.17
189|200|98.04
189|206|90.17
189|207|53.86
189|209|77.09
189|210|46.05
189|219|39.65
189|223|99.48
189|240|96.53
189|247|93.85
189|251|94.01
189|255|68.85
189|264|46.20
189|274|73.68
189|277|91.54
189|280|41.24
189|298|26.45
190|192|85.07
190|195|96.73
190|208|84.44
190|227|17.90
190|242|64.62
190|250|66.46
190|252|20.30
190|276|52.64
190|281|33.06
191|203|85.90
191|211|85.00
191|222|66.76
191|224|29.58
191|228|8.39
191|233|84.05
191|253|91.25
191|275|59.81
191|278|86.42
191|289|54.85
191|290|93.31
192|195|52.31
192|204|46.03
192|221|25.62
192|225|98.52
192|227|72.94
192|232|84.41
192|243|90.60
192|249|90.88
192|260|34.75
192|276|36.31
192|281|99.14
193|197|84.75
193|205|45.42
193|212|67.90
193|222|70.19
193|224|81.61
193|257|97.94
193|269|61.74
193|270|97.19
193|285|14.29
193|289|71.51
193|294|69.83
194|220|28.19
194|266|94.31
194|272|96.90
194|284|61.20
194|299|89.11
195|204|82.60
195|221|72.99
195|227|93.82
195|232|67.80
195|242|74.53
195|243|62.72
195|249|84.18
195|260|75.70
195|267|91.64
195|276|71.70
195|292|83.09
195|296|55.72
196|202|98.03
196|206|77.23
196|215|90.58
196|231|98.73
196|236|60.51
196|240|41.19
196|251|92.54
196|255|75.29
196|264|93.73
196|274|50.96
196|277|81.39
196|280|70.28
196|286|83.14
196|298|57.20
197|201|96.79
197|205|51.06
197|212|52.07
197|222|77.90
197|245|81.35
197|262|83.69
197|285|86.62
197|294|84.83
198|202|48.71
198|213|85.96
198|214|62.36
198|215|46.25
198|225|90.52
198|232|57.46
198|236|52.24
198|243|49.26
198|249|63.44
198|274|75.39
198|277|58.65
198|286|40.50
198|291|31.72
198|296|70.36
199|217|36.44
199|226|14.52
199|234|56.47
199|235|30.40
199|237|55.95
199|258|16.88
199|259|67.42
199|265|98.69
199|287|61.84
199|297|48.56
200|209|57.35
200|219|81.24
200|229|73.41
200|239|65.49
200|247|58.57
200|251|87.54
200|255|84.96
200|261|51.24
200|264|61.16
200|265|86.49
200|273|73.80
200|279|37.48
201|205|69.56
201|212|49.57
201|269|99.32
201|270|62.15
201|285|93.60
201|294|36.48
202|214|43.50
202|215|8.04
202|236|41.01
202|243|96.42
202|249|99.34
202|274|89.02
202|277|89.06
202|286|19.10
202|291|55.77
203|211|20.47
203|228|90.06
203|238|86.98
203|244|36.40
203|245|91.55
203|262|96.68
203|266|92.74
203|272|92.87
203|275|46.98
203|290|7.42
204|213|86.08
204|221|24.27
204|225|62.36
204|232|73.77
204|243|87.88
204|249|69.45
204|260|11.87
204|276|77.27
205|212|23.61
205|222|83.55
205|269|80.89
205|270|88.28
205|285|40.79
205|294|41.99
206|209|42.90
206|229|60.52
206|231|44.74
206|240|45.53
206|247|45.70
206|248|49.33
206|251|16.42
206|255|22.87
206|264|59.53
206|265|81.63
206|298|70.87
207|210|37.75
207|219|62.15
207|223|74.55
207|264|99.03
207|267|72.20
207|271|87.79
207|274|74.54
207|277|71.86
207|280|40.69
207|288|99.14
207|292|86.80
207|296|88.28
207|298|71.83
208|227|99.55
208|230|46.62
208|241|33.99
208|250|63.41
208|252|67.43
208|266|78.71
208|272|76.37
208|281|86.14
208|295|33.27
209|219|86.46
209|229|46.46
209|231|81.89
209|240|83.72
209|247|16.77
209|248|61.63
209|251|32.08
209|255|29.40
209|259|98.82
209|264|31.96
209|265|69.86
209|279|94.23
209|298|70.33
210|219|28.73
210|223|53.64
210|239|91.12
210|264|79.90
210|267|94.03
210|271|99.12
210|280|62.87
210|288|98.95
210|298|72.05
211|222|93.77
211|228|87.35
211|238|67.81
211|244|50.59
211|245|71.42
211|262|76.22
211|275|60.50
211|290|22.44
212|269|91.27
212|270|83.61
212|285|60.80
212|294|33.19
213|214|67.10
213|225|23.87
213|232|63.30
213|243|78.78
213|249|43.68
213|260|96.33
213|291|54.97
214|215|50.77
214|225|86.62
214|232|90.65
214|236|82.59
214|243|94.70
214|249|81.01
214|286|59.22
214|291|43.70
215|236|32.98
215|243|95.06
215|274|81.11
215|277|82.19
215|286|11.45
215|291|58.00
216|220|95.81
216|230|94.70
216|284|51.21
216|295|99.66
216|299|25.33
217|218|77.20
217|226|23.85
217|229|94.94
217|234|49.31
217|235|64.54
217|237|70.46
217|258|43.09
217|259|43.06
217|265|73.73
217|268|90.23
217|273|73.54
217|287|36.13
217|297|12.95
218|226|98.17
218|246|94.10
218|256|86.47
218|261|82.23
218|263|78.41
218|268|21.97
218|273|32.64
218|279|79.46
218|283|32.27
218|287|95.61
218|297|65.44
219|223|70.36
219|239|71.92
219|255|91.40
219|264|56.40
219|280|73.39
219|298|64.61
220|230|92.66
220|244|94.03
220|266|66.34
220|272|68.95
220|284|46.55
220|299|76.87
221|225|84.77
221|227|91.04
221|232|85.07
221|243|95.80
221|249|85.78
221|260|12.61
221|276|53.16
222|224|49.42
222|228|59.51
222|238|99.72
222|245|59.07
222|262|71.30
222|285|83.10
222|289|70.39
223|233|54.52
223|239|91.18
223|253|51.85
223|267|84.92
223|271|73.19
223|278|87.63
223|288|58.01
223|292|97.96
224|228|21.57
224|275|88.58
224|278|90.89
224|285|95.73
224|289|31.49
225|232|51.86
225|243|69.50
225|249|32.86
225|260|72.48
225|291|63.23
226|234|45.53
226|235|40.69
226|237|53.68
226|258|19.82
226|259|53.27
226|265|84.75
226|273|97.23
226|287|47.50
226|297|36.68
227|242|76.46
227|250|84.03
227|252|38.14
227|276|37.93
227|281|29.51
228|233|91.59
228|245|99.83
228|253|99.03
228|275|67.13
228|278|88.78
228|289|48.89
228|290|97.41
229|231|74.22
229|234|73.78
229|247|29.74
229|248|33.54
229|251|44.44
229|255|64.74
229|259|54.59
229|264|78.16
229|265|23.78
229|273|98.98
229|287|60.55
229|297|91.97
230|241|12.65
230|244|82.23
230|250|95.18
230|266|33.91
230|272|31.96
230|284|70.78
230|295|13.38
230|299|71.82
231|240|57.61
231|247|77.01
231|248|43.42
231|251|49.85
231|255|67.61
231|265|85.58
232|243|18.02
232|249|19.87
232|260|77.11
232|277|92.72
232|286|97.11
232|291|48.31
232|296|63.77
233|253|9.64
233|271|82.49
233|275|73.09
233|278|70.91
233|288|52.82
234|235|64.21
234|237|36.20
234|248|78.80
234|258|45.34
234|259|28.31
234|265|50.29
234|287|29.23
234|297|57.41
235|237|44.59
235|258|22.93
235|259|84.70
235|287|80.81
235|297|77.32
236|240|97.96
236|243|98.62
236|274|49.86
236|277|59.00
236|280|88.02
236|286|23.38
236|291|77.37
237|258|39.14
237|259|64.29
237|265|84.41
237|287|64.09
237|297|82.10
238|245|42.28
238|262|33.45
238|290|85.69
239|261|50.20
239|264|98.06
239|278|79.24
239|279|57.36
240|247|90.34
240|248|87.34
240|251|61.94
240|255|55.11
240|264|87.00
240|274|90.69
240|298|70.53
241|244|89.21
241|250|84.86
241|266|45.52
241|272|43.35
241|284|81.57
241|295|1.50
241|299|79.15
242|250|46.92
242|252|57.48
242|267|66.46
242|271|71.14
242|276|88.21
242|281|97.44
242|288|95.90
242|292|51.03
243|249|36.84
243|260|89.50
243|277|75.69
243|286|89.74
243|291|51.00
243|296|46.73
244|266|56.80
244|272|56.74
244|275|70.30
244|290|30.02
244|295|90.69
245|262|12.79
245|290|93.72
246|254|33.30
246|256|28.24
246|263|45.96
246|268|85.14
246|282|79.26
246|283|76.15
246|293|32.02
247|248|49.07
247|251|30.56
247|255|40.27
247|259|82.33
247|264|48.44
247|265|53.09
247|279|92.99
247|287|87.61
247|298|86.41
248|251|39.13
248|255|64.89
248|259|70.96
248|264|91.92
248|265|42.20
248|287|77.90
249|260|75.68
249|286|99.76
249|291|43.70
249|296|83.36
250|252|47.69
250|267|98.78
250|271|89.22
250|281|91.18
250|292|85.09
250|295|85.18
251|255|25.76
251|259|97.95
251|264|56.43
251|265|66.32
251|298|78.40
252|276|71.84
252|281|44.53
252|295|99.71
253|267|98.36
253|271|72.97
253|275|74.08
253|278|79.85
253|288|43.20
254|256|56.56
254|263|63.20
254|282|46.82
254|293|24.89
255|264|37.10
255|265|88.17
255|280|95.34
255|298|52.72
256|261|74.06
256|263|65.45
256|268|84.28
256|273|93.31
256|279|87.46
256|282|97.69
256|283|78.42
256|293|60.25
257|269|38.23
257|270|68.01
257|282|53.62
257|285|88.15
257|294|99.61
258|259|62.58
258|265|92.26
258|287|58.28
258|297|56.04
259|265|31.64
259|273|82.54
259|287|6.98
259|297|44.57
260|276|65.41
261|268|97.56
261|273|60.80
261|279|16.36
262|290|97.94
263|268|60.53
263|283|48.88
263|293|40.75
264|279|97.51
264|280|84.06
264|298|46.16
265|273|92.72
265|287|38.09
265|297|72.68
266|272|2.63
266|284|62.08
266|290|85.83
266|295|46.61
266|299|77.16
267|271|29.22
267|288|57.70
267|292|15.44
267|296|81.45
268|273|54.35
268|279|97.41
268|283|11.73
268|293|97.54
268|297|79.94
269|270|55.25
269|282|83.04
269|285|50.62
269|294|67.67
270|285|82.92
270|294|50.42
271|288|30.19
271|292|32.58
272|284|63.83
272|290|86.04
272|295|44.48
272|299|78.06
273|279|53.00
273|283|63.56
273|287|78.93
273|297|60.60
274|277|31.16
274|280|38.19
274|286|69.98
274|296|83.66
274|298|61.77
275|288|94.38
275|290|53.02
276|281|62.85
277|280|50.41
277|286|70.91
277|291|89.49
277|296|52.71
277|298|86.85
278|289|77.72
280|296|90.32
280|298|42.72
282|293|66.16
283|293|86.52
283|297|91.59
284|295|81.50
284|299|30.32
285|289|83.99
285|294|57.47
286|291|58.44
287|297|37.75
288|292|62.77
291|296|88.98
292|296|82.69
295|299|78.54