0|21|55.62
0|33|59.63
0|35|12.87
0|40|71.63
0|42|64.59
0|57|80.94
0|82|19.33
0|88|87.00
0|89|91.68
0|91|69.17
0|93|74.73
0|95|93.72
0|102|40.90
0|119|58.41
0|121|87.52
0|122|59.08
0|125|96.16
0|130|83.34
0|132|91.66
0|139|91.49
0|166|99.47
0|169|84.57
0|171|42.70
0|176|99.42
0|177|26.50
0|179|98.79
0|187|85.72
0|191|77.01
0|194|98.28
0|202|30.13
0|211|96.05
0|213|87.41
0|214|92.84
0|223|84.28
0|229|59.56
0|231|67.65
0|237|90.68
0|239|31.19
0|240|43.39
0|242|37.81
0|250|94.66
0|261|95.85
0|265|95.73
0|284|99.06
0|292|88.48
1|13|95.86
1|17|96.19
1|26|35.92
1|33|81.32
1|42|73.80
1|44|98.65
1|46|41.72
1|75|70.18
1|78|89.82
1|81|81.87
1|98|55.62
1|100|77.16
1|111|97.28
1|114|81.21
1|115|58.87
1|122|91.61
1|125|72.70
1|131|12.13
1|139|53.45
1|147|58.04
1|164|66.97
1|187|91.00
1|191|70.82
1|197|95.83
1|205|99.01
1|214|46.05
1|229|85.82
1|237|64.19
1|253|96.18
1|262|68.83
1|264|43.58
1|279|39.14
1|282|52.83
1|291|4.52
1|295|81.97
2|16|96.16
2|19|36.10
2|25|56.19
2|28|16.72
2|31|23.02
2|58|99.39
2|70|51.14
2|81|77.23
2|85|15.25
2|88|81.51
2|96|43.83
2|99|10.67
2|101|36.57
2|111|70.76
2|113|31.94
2|130|65.10
2|140|78.46
2|150|70.48
2|157|60.32
2|158|20.70
2|164|93.26
2|166|45.15
2|167|50.98
2|187|79.96
2|197|91.50
2|211|87.27
2|213|56.64
2|218|95.01
2|236|98.00
2|295|78.24
2|298|69.16
3|37|73.18
3|41|88.90
3|43|65.46
3|52|40.01
3|56|66.89
3|62|35.21
3|65|26.75
3|71|83.27
3|74|57.84
3|97|39.54
3|107|71.14
3|124|75.34
3|128|45.14
3|137|84.00
3|159|67.48
3|162|23.24
3|168|28.10
3|172|60.08
3|175|42.99
3|188|85.07
3|192|66.00
3|206|34.79
3|235|28.50
3|254|75.01
3|260|84.72
3|276|96.87
3|277|73.41
3|290|88.88
3|293|77.11
3|294|61.39
4|24|81.91
4|48|25.75
4|49|57.37
4|50|73.93
4|53|86.63
4|60|73.30
4|83|47.77
4|92|70.39
4|95|74.41
4|121|79.74
4|132|94.14
4|135|5.31
4|138|80.71
4|141|54.49
4|148|95.16
4|154|53.98
4|155|52.96
4|179|94.43
4|184|54.16
4|194|91.14
4|207|63.84
4|215|68.50
4|219|63.37
4|238|45.11
4|243|99.60
4|247|62.65
4|250|96.44
4|255|69.76
4|267|98.38
4|273|89.72
4|286|27.43
4|289|78.68
4|297|53.65
4|299|89.44
5|9|20.09
5|10|97.30
5|11|57.89
5|29|44.07
5|32|11.42
5|61|96.12
5|76|99.73
5|79|25.69
5|105|54.00
5|116|65.68
5|133|90.99
5|163|87.76
5|165|98.00
5|189|28.38
5|220|84.93
5|224|97.67
5|227|66.10
5|233|23.94
5|283|41.10
6|11|66.76
6|18|99.75
6|29|87.99
6|34|70.16
6|45|49.86
6|54|36.41
6|55|83.29
6|76|68.78
6|80|44.17
6|87|93.58
6|100|67.24
6|105|95.12
6|114|74.94
6|115|83.82
6|116|65.69
6|133|37.52
6|147|84.95
6|149|58.65
6|156|86.59
6|163|86.11
6|165|57.83
6|170|38.30
6|189|97.77
6|196|69.92
6|212|95.98
6|222|32.98
6|241|10.47
6|253|63.69
6|262|93.36
6|269|85.22
6|283|79.24
6|285|88.67
7|15|95.48
7|64|98.76
7|69|66.29
7|84|41.36
7|94|64.92
7|106|92.59
7|110|27.62
7|112|35.69
7|118|72.26
7|126|82.08
7|129|58.61
7|134|59.89
7|146|89.98
7|151|67.18
7|160|51.73
7|178|57.92
7|195|27.20
7|198|82.93
7|199|29.10
7|200|65.34
7|201|67.43
7|203|64.24
7|234|52.05
7|251|34.34
7|272|95.54
7|274|45.58
7|280|78.08
7|287|63.06
7|296|56.53
8|9|94.66
8|10|98.82
8|16|62.82
8|20|5.09
8|32|98.01
8|36|27.76
8|58|49.31
8|61|65.88
8|79|87.41
8|90|29.16
8|108|30.52
8|185|85.92
8|220|42.32
8|226|21.75
8|227|66.17
8|233|92.00
8|236|88.34
8|268|8.01
8|271|31.72
8|275|40.23
9|10|77.29
9|11|59.99
9|17|91.69
9|20|99.68
9|29|29.00
9|32|8.73
9|45|96.70
9|61|78.41
9|79|7.91
9|105|35.34
9|116|69.64
9|133|90.31
9|163|69.58
9|165|83.49
9|189|38.50
9|220|70.69
9|224|77.67
9|227|48.49
9|233|4.19
9|236|96.39
9|275|88.10
9|278|83.10
9|283|35.11
10|17|19.76
10|19|88.41
10|29|67.08
10|32|86.02
10|45|85.42
10|58|79.92
10|61|34.80
10|79|72.10
10|81|92.16
10|98|61.50
10|101|88.59
10|105|51.29
10|108|99.11
10|111|66.04
10|114|68.83
10|163|43.77
10|164|80.43
10|165|73.21
10|197|41.10
10|220|56.60
10|224|15.74
10|227|41.58
10|233|73.36
10|236|28.68
10|262|61.04
10|264|86.23
10|275|63.04
10|278|13.71
10|283|86.81
10|295|80.42
11|29|48.14
11|32|57.48
11|45|78.10
11|54|87.01
11|55|93.03
11|76|47.65
11|79|67.40
11|87|94.58
11|105|63.28
11|114|96.36
11|116|10.63
11|133|33.56
11|149|98.70
11|163|81.15
11|165|71.84
11|170|49.06
11|189|32.04
11|222|98.56
11|233|62.83
11|241|70.33
11|269|81.46
11|283|28.67
12|14|36.84
12|23|52.56
12|30|47.55
12|34|77.15
12|55|74.05
12|66|66.77
12|73|44.72
12|87|80.64
12|149|69.88
12|156|54.16
12|174|31.60
12|180|40.58
12|196|84.26
12|217|28.31
12|248|43.59
12|256|49.15
12|258|63.79
12|269|91.39
12|270|41.40
12|285|64.02
12|288|57.50
13|26|94.40
13|27|29.91
13|33|97.74
13|44|59.85
13|46|57.60
13|47|50.36
13|75|27.74
13|78|74.17
13|125|55.38
13|127|97.86
13|131|89.06
13|136|61.77
13|139|76.60
13|144|96.54
13|152|82.68
13|153|74.45
13|161|63.84
13|169|92.02
13|183|69.19
13|190|19.23
13|193|34.44
13|205|65.79
13|209|87.57
13|221|95.65
13|229|92.87
13|237|66.60
13|252|33.07
13|261|75.17
13|263|77.00
13|279|64.63
13|281|65.39
13|282|43.27
13|291|96.85
14|18|68.79
14|23|89.32
14|30|83.37
14|34|57.09
14|51|88.14
14|55|93.63
14|73|78.98
14|120|92.10
14|145|63.95
14|149|71.35
14|156|35.91
14|173|92.46
14|174|66.84
14|180|75.28
14|196|62.14
14|216|66.48
14|217|63.27
14|222|97.36
14|232|77.56
14|248|9.29
14|256|66.58
14|258|30.89
14|270|70.84
14|285|38.77
14|288|22.58
15|22|94.86
15|39|45.73
15|41|95.75
15|52|98.18
15|56|51.61
15|67|94.32
15|68|50.70
15|71|79.37
15|77|89.84
15|84|70.84
15|106|61.74
15|110|82.27
15|112|59.84
15|117|67.75
15|118|64.06
15|126|24.31
15|127|62.18
15|129|57.37
15|134|45.14
15|146|25.10
15|151|99.92
15|153|93.02
15|160|51.42
15|195|73.18
15|198|22.23
15|199|99.03
15|201|56.94
15|209|73.49
15|210|85.38
15|221|89.03
15|234|63.24
15|245|74.34
15|254|43.70
15|274|82.88
15|276|33.50
15|290|57.27
15|296|56.08
16|19|77.55
16|20|60.54
16|28|85.79
16|31|74.76
16|36|48.83
16|58|30.43
16|61|77.31
16|70|97.45
16|90|33.88
16|99|85.65
16|101|90.73
16|108|32.30
16|109|69.78
16|113|65.40
16|150|72.24
16|167|82.57
16|182|51.70
16|185|58.79
16|204|87.83
16|218|46.38
16|220|72.43
16|226|51.80
16|227|98.91
16|236|84.38
16|259|69.56
16|268|55.72
16|271|32.46
16|275|55.46
17|19|88.90
17|29|76.21
17|45|77.20
17|58|94.86
17|61|52.75
17|79|87.52
17|81|78.87
17|98|42.10
17|101|86.08
17|105|60.96
17|111|57.21
17|114|56.60
17|115|92.39
17|147|93.39
17|163|40.98
17|164|64.68
17|165|67.16
17|197|32.13
17|220|75.96
17|224|14.48
17|227|60.92
17|233|88.05
17|236|38.51
17|262|45.04
17|264|67.98
17|275|80.90
17|278|8.60
17|283|94.85
17|291|95.10
17|295|67.46
18|34|41.23
18|37|74.72
18|51|87.62
18|80|75.54
18|104|79.06
18|120|27.24
18|144|85.52
18|145|39.47
18|149|83.00
18|156|52.78
18|172|90.68
18|173|24.21
18|188|69.06
18|196|35.60
18|212|50.25
18|216|34.20
18|222|66.79
18|232|10.08
18|248|59.80
18|253|80.94
18|258|67.28
18|260|50.43
18|285|39.97
18|288|46.32
18|293|58.03
18|294|78.06
19|25|91.73
19|28|19.39
19|31|34.84
19|58|71.11
19|61|79.64
19|70|77.79
19|81|64.80
19|85|51.21
19|90|99.45
19|96|79.22
19|99|28.69
19|101|13.42
19|108|96.48
19|111|44.92
19|113|21.60
19|130|90.86
19|150|83.34
19|157|96.38
19|158|33.29
19|164|74.81
19|166|69.82
19|167|71.14
19|187|80.63
19|197|59.70
19|213|78.23
19|218|93.91
19|220|97.72
19|224|99.53
19|236|61.95
19|275|85.16
19|278|93.22
19|295|60.35
20|36|22.84
20|58|49.55
20|61|69.59
20|79|92.45
20|90|26.66
20|108|28.44
20|185|81.10
20|220|46.63
20|226|16.78
20|227|71.02
20|233|97.04
20|236|91.48
20|268|4.86
20|271|28.66
20|275|43.13
21|35|68.49
21|40|87.66
21|49|89.15
21|57|27.03
21|60|97.05
21|82|39.76
21|89|48.66
21|91|66.97
21|93|68.32
21|95|52.36
21|102|73.03
21|119|53.17
21|121|40.85
21|132|36.24
21|141|71.95
21|154|67.30
21|169|89.52
21|171|86.99
21|176|52.53
21|177|69.84
21|179|78.59
21|194|75.82
21|202|83.35
21|219|85.37
21|223|32.51
21|225|97.67
21|231|13.53
21|239|68.31
21|240|64.13
21|242|90.86
21|247|99.02
21|249|76.60
21|250|75.14
21|255|90.76
21|265|98.21
21|284|46.89
21|289|71.96
21|292|67.11
22|38|87.12
22|39|65.74
22|59|8.44
22|63|83.03
22|64|55.43
22|67|11.31
22|68|73.64
22|72|96.15
22|77|39.10
22|94|78.15
22|106|37.24
22|110|96.23
22|117|64.19
22|118|52.79
22|123|64.55
22|127|90.38
22|134|76.29
22|142|53.30
22|143|74.16
22|146|70.41
22|148|94.34
22|151|68.30
22|153|88.88
22|178|89.68
22|181|85.55
22|186|41.65
22|195|98.47
22|198|76.71
22|201|60.13
22|208|50.63
22|209|90.60
22|210|21.50
22|221|64.28
22|228|62.48
22|230|60.62
22|244|74.61
22|245|59.97
22|257|31.92
22|266|61.00
22|267|98.58
22|287|86.83
23|30|12.30
23|55|69.75
23|66|35.58
23|73|29.49
23|87|66.80
23|149|92.97
23|156|98.12
23|174|25.23
23|180|28.23
23|217|28.63
23|248|95.42
23|256|68.50
23|269|80.00
23|270|37.61
24|48|58.60
24|49|35.24
24|57|90.43
24|60|19.39
24|86|37.01
24|89|92.32
24|103|54.86
24|121|99.93
24|132|79.54
24|135|78.83
24|141|56.85
24|154|65.79
24|155|83.38
24|176|82.16
24|184|74.93
24|207|36.31
24|219|34.68
24|223|88.46
24|225|54.44
24|238|92.65
24|249|54.56
24|273|12.48
24|284|74.81
24|289|43.82
24|299|17.46
25|28|72.50
25|31|63.96
25|40|97.33
25|70|38.59
25|85|40.99
25|88|63.86
25|96|27.15
25|99|63.26
25|101|92.53
25|113|80.74
25|130|67.91
25|140|29.28
25|150|73.12
25|157|10.63
25|158|70.74
25|166|62.21
25|167|52.76
25|211|60.36
25|213|72.34
25|298|13.12
26|33|46.46
26|35|91.22
26|42|37.99
26|46|38.54
26|75|66.71
26|81|68.17
26|98|78.32
26|102|83.96
26|111|93.18
26|115|94.72
26|122|58.55
26|125|51.77
26|131|44.65
26|139|25.24
26|147|93.92
26|164|61.19
26|171|66.45
26|177|83.02
26|187|65.81
26|191|39.58
26|202|72.04
26|214|11.71
26|229|52.15
26|237|39.28
26|240|96.52
26|242|64.40
26|262|96.80
26|264|76.05
26|279|60.03
26|282|54.62
26|291|40.44
26|295|73.40
27|39|95.55
27|43|94.12
27|44|59.33
27|46|86.54
27|47|46.90
27|68|85.30
27|75|57.34
27|77|97.84
27|78|78.46
27|107|85.01
27|117|79.28
27|125|84.33
27|127|68.32
27|136|49.79
27|144|95.48
27|152|91.92
27|153|48.60
27|159|97.52
27|161|38.84
27|183|61.56
27|190|30.91
27|193|12.66
27|205|65.48
27|209|58.51
27|221|72.42
27|237|96.13
27|244|90.10
27|245|79.69
27|252|39.07
27|261|90.67
27|263|73.88
27|266|98.45
27|276|99.87
27|279|87.48
27|281|50.11
27|282|71.31
28|31|22.44
28|58|85.29
28|61|98.67
28|70|62.01
28|81|69.87
28|85|31.83
28|88|95.42
28|96|60.20
28|99|10.60
28|101|22.13
28|111|57.74
28|113|20.57
28|130|76.30
28|140|95.17
28|150|74.14
28|157|77.00
28|158|20.89
28|164|83.67
28|166|55.35
28|167|58.06
28|187|78.68
28|197|76.51
28|213|65.42
28|218|92.32
28|236|81.32
28|295|68.57
28|298|85.55
29|32|34.40
29|45|67.71
29|54|88.46
29|61|81.06
29|76|95.45
29|79|32.06
29|98|99.30
29|105|15.79
29|114|73.31
29|116|58.76
29|133|71.11
29|163|44.91
29|165|54.65
29|170|89.20
29|189|44.44
29|220|82.48
29|224|61.77
29|227|55.30
29|233|28.48
29|236|92.25
29|241|85.52
29|262|82.62
29|275|98.81
29|278|68.19
29|283|19.92
30|55|57.85
30|66|47.10
30|73|36.88
30|87|55.84
30|149|80.96
30|156|88.48
30|174|16.62
30|180|34.36
30|217|20.24
30|248|88.60
30|256|72.71
30|269|69.02
30|270|25.49
31|58|82.10
31|70|43.23
31|81|92.30
31|85|30.29
31|96|60.57
31|99|14.56
31|101|43.01
31|111|78.46
31|113|17.31
31|130|87.65
31|140|90.76
31|150|51.70
31|157|71.10
31|158|40.18
31|166|68.08
31|167|36.56
31|182|87.70
31|187|99.91
31|197|94.52
31|213|79.66
31|218|72.38
31|236|92.86
31|295|90.74
31|298|76.89
32|61|86.32
32|79|15.24
32|105|42.98
32|116|66.46
32|133|89.28
32|163|77.00
32|165|88.97
32|189|32.37
32|220|77.09
32|224|86.25
32|227|56.29
32|233|12.74
32|275|94.50
32|278|91.75
32|283|35.74
33|35|51.10
33|42|19.83
33|46|62.09
33|75|75.26
33|81|88.66
33|82|78.46
33|93|82.64
33|102|37.90
33|119|76.36
33|122|43.85
33|125|42.36
33|131|87.88
33|139|31.86
33|152|94.94
33|164|91.49
33|169|75.12
33|171|20.04
33|177|37.21
33|187|69.54
33|190|98.54
33|191|42.88
33|202|31.61
33|214|40.52
33|229|8.79
33|237|33.00
33|239|81.26
33|240|50.76
33|242|25.70
33|261|74.98
33|279|93.66
33|282|73.92
33|291|85.74
33|295|98.32
34|54|88.62
34|55|82.50
34|80|65.29
34|87|95.95
34|120|67.54
34|133|95.15
34|145|70.61
34|149|41.77
34|156|23.29
34|170|81.99
34|173|61.43
34|174|93.05
34|196|7.83
34|212|73.31
34|216|67.76
34|217|89.85
34|222|41.15
34|232|50.59
34|241|75.04
34|248|48.70
34|253|80.56
34|258|73.98
34|260|91.51
34|269|97.08
34|270|84.36
34|285|19.24
34|288|42.81
34|293|99.15
35|40|73.67
35|42|53.31
35|57|93.70
35|82|31.25
35|88|83.23
35|91|75.76
35|93|81.68
35|102|41.27
35|119|66.52
35|121|99.62
35|122|46.21
35|125|90.40
35|130|75.94
35|139|82.63
35|166|90.43
35|169|88.47
35|171|37.04
35|177|24.81
35|187|73.08
35|191|64.38
35|202|19.76
35|211|93.50
35|213|78.20
35|214|81.43
35|223|96.88
35|229|52.65
35|231|80.46
35|237|83.45
35|239|31.65
35|240|47.37
35|242|27.02
35|261|97.85
35|265|99.71
35|292|97.39
36|58|50.59
36|61|83.91
36|90|20.83
36|108|23.91
36|109|86.90
36|182|80.33
36|185|58.31
36|204|98.19
36|218|83.67
36|220|64.47
36|226|6.11
36|227|90.94
36|259|90.09
36|268|20.57
36|271|18.80
36|275|55.68
37|43|86.38
37|51|40.15
37|52|91.07
37|62|77.08
37|65|86.33
37|97|66.15
37|107|95.72
37|120|60.38
37|124|65.47
37|137|54.69
37|145|44.21
37|159|82.15
37|162|80.33
37|168|75.87
37|172|16.42
37|173|70.78
37|175|42.35
37|188|67.58
37|206|51.49
37|212|99.21
37|216|45.22
37|232|69.25
37|235|75.98
37|258|79.98
37|260|34.21
37|288|89.49
37|293|32.10
37|294|15.12
38|47|77.02
38|50|72.79
38|53|30.50
38|59|82.87
38|63|4.19
38|67|79.09
38|72|15.42
38|77|72.41
38|83|71.30
38|92|47.81
38|93|92.37
38|117|99.26
38|123|73.62
38|138|56.40
38|142|33.84
38|143|14.42
38|148|36.31
38|152|64.58
38|153|94.92
38|169|86.37
38|179|72.61
38|181|12.89
38|186|51.74
38|194|75.08
38|208|58.53
38|210|81.59
38|215|88.52
38|221|79.59
38|228|50.09
38|230|29.38
38|243|82.15
38|244|34.52
38|245|91.52
38|246|90.40
38|247|63.33
38|250|76.39
38|252|94.01
38|255|65.70
38|261|84.63
38|263|49.96
38|266|36.74
38|267|64.78
38|297|90.86
39|47|99.59
39|56|69.83
39|59|73.61
39|67|60.51
39|68|10.89
39|77|46.97
39|106|48.86
39|112|91.01
39|117|22.33
39|118|65.22
39|126|69.80
39|127|30.46
39|134|64.93
39|142|92.38
39|146|35.28
39|153|51.38
39|160|91.91
39|161|86.25
39|186|69.15
39|193|98.66
39|195|98.18
39|198|43.44
39|201|63.65
39|209|37.36
39|210|48.86
39|221|43.35
39|244|87.81
39|245|28.61
39|254|81.11
39|257|85.59
39|266|81.35
39|276|39.77
39|296|98.81
40|57|96.32
40|82|63.35
40|88|37.72
40|89|83.10
40|91|27.32
40|96|81.80
40|122|96.27
40|130|57.65
40|140|74.37
40|157|86.88
40|166|78.33
40|176|93.22
40|177|97.21
40|202|91.36
40|211|37.00
40|213|72.11
40|223|93.58
40|239|42.02
40|242|96.82
40|265|28.34
40|292|53.04
40|298|94.13
41|56|89.18
41|65|68.62
41|71|16.76
41|74|36.34
41|84|84.29
41|97|91.77
41|126|76.13
41|128|46.20
41|129|70.31
41|160|82.59
41|162|74.63
41|168|79.09
41|192|65.65
41|200|98.54
41|234|74.87
41|235|79.02
41|254|60.85
41|272|41.76
41|274|80.99
41|277|25.51
41|280|69.99
41|290|38.50
41|296|73.25
42|46|65.60
42|75|85.32
42|81|68.88
42|82|83.91
42|102|54.30
42|111|99.57
42|119|93.20
42|122|27.88
42|125|55.95
42|130|93.35
42|131|82.53
42|139|35.74
42|164|72.63
42|166|96.80
42|169|94.80
42|171|34.89
42|177|48.43
42|187|50.38
42|191|23.06
42|202|34.51
42|213|86.19
42|214|28.25
42|229|28.62
42|237|43.74
42|239|79.13
42|240|67.31
42|242|26.81
42|261|94.74
42|279|94.26
42|282|79.95
42|291|78.32
42|295|78.72
43|44|64.84
43|52|34.52
43|56|75.54
43|62|30.65
43|65|92.04
43|78|72.52
43|97|99.29
43|104|75.56
43|107|9.34
43|120|81.47
43|127|97.15
43|136|50.78
43|144|59.11
43|159|6.71
43|161|58.00
43|162|88.66
43|168|92.53
43|172|85.24
43|173|86.12
43|175|88.50
43|183|48.93
43|188|39.96
43|193|82.29
43|205|63.12
43|206|86.81
43|209|99.43
43|212|86.40
43|232|98.57
43|235|92.92
43|260|69.48
43|276|93.90
43|281|46.48
43|293|63.78
43|294|71.71
44|46|81.24
44|52|95.00
44|62|95.06
44|75|67.48
44|78|20.30
44|104|48.40
44|107|59.39
44|115|97.90
44|131|87.13
44|136|22.91
44|144|37.19
44|147|96.45
44|159|64.03
44|161|51.96
44|173|99.21
44|183|16.12
44|188|69.92
44|190|76.96
44|193|47.99
44|205|6.24
44|212|77.02
44|252|90.21
44|253|94.90
44|279|59.93
44|281|30.09
44|282|66.90
44|291|96.86
45|54|25.13
45|79|98.95
45|80|55.52
45|98|65.79
45|100|44.03
45|105|66.26
45|114|25.25
45|115|51.40
45|116|83.76
45|131|98.80
45|133|68.18
45|147|52.90
45|163|42.86
45|165|14.31
45|170|79.81
45|189|99.26
45|222|70.84
45|224|70.15
45|233|95.87
45|241|40.44
45|253|60.77
45|262|43.77
45|264|57.83
45|278|75.06
45|283|71.33
45|291|96.86
46|47|98.71
46|75|30.15
46|78|81.37
46|98|97.25
46|102|91.38
46|115|89.80
46|122|91.77
46|125|35.08
46|131|39.42
46|136|97.30
46|139|30.74
46|147|88.55
46|164|96.69
46|171|79.58
46|177|97.27
46|183|96.86
46|190|70.09
46|191|75.88
46|193|87.05
46|202|93.50
46|205|84.16
46|214|48.73
46|229|62.40
46|237|32.33
46|242|86.91
46|252|80.01
46|261|91.55
46|264|83.29
46|279|32.45
46|282|16.09
46|291|44.10
47|53|95.07
47|63|78.02
47|68|92.41
47|72|90.47
47|75|70.38
47|77|78.94
47|93|91.54
47|117|77.76
47|125|78.66
47|127|83.30
47|136|96.66
47|142|85.08
47|143|83.92
47|152|48.43
47|153|50.14
47|161|81.90
47|169|69.98
47|179|94.08
47|181|89.70
47|186|77.73
47|190|31.47
47|193|59.56
47|194|98.29
47|209|71.50
47|210|97.60
47|221|59.95
47|230|91.78
47|237|92.14
47|244|51.30
47|245|73.62
47|250|95.04
47|252|18.87
47|261|54.10
47|263|27.66
47|266|63.31
47|281|96.90
47|282|88.15
48|49|42.05
48|50|97.59
48|60|53.86
48|83|73.43
48|86|80.78
48|92|96.14
48|95|85.47
48|103|83.84
48|121|86.88
48|132|90.57
48|135|21.43
48|141|49.36
48|154|53.11
48|155|42.21
48|184|39.03
48|207|38.20
48|215|89.97
48|219|48.48
48|238|42.64
48|247|85.22
48|249|94.80
48|255|90.81
48|273|67.93
48|284|98.31
48|286|47.86
48|289|66.27
48|297|75.40
48|299|68.84
49|57|67.39
49|60|18.54
49|83|99.94
49|86|71.00
49|89|79.85
49|95|71.77
49|103|85.05
49|121|66.44
49|132|54.62
49|135|56.16
49|141|22.01
49|154|30.82
49|155|80.80
49|176|70.60
49|184|74.85
49|207|48.13
49|219|6.44
49|223|68.15
49|225|65.89
49|231|77.01
49|238|84.25
49|247|94.46
49|249|53.01
49|255|95.45
49|273|37.23
49|284|58.07
49|286|84.55
49|289|24.50
49|299|34.75
50|53|59.66
50|63|72.69
50|72|58.84
50|83|33.95
50|92|35.06
50|123|65.21
50|135|76.81
50|138|16.45
50|142|84.23
50|143|70.54
50|148|37.44
50|155|98.99
50|181|60.89
50|208|71.84
50|215|16.00
50|228|59.80
50|230|72.74
50|238|83.41
50|243|27.45
50|246|45.60
50|247|69.92
50|255|80.23
50|267|25.02
50|286|50.37
50|297|24.30
51|97|83.61
51|120|85.24
51|124|62.54
51|137|44.01
51|145|48.18
51|168|98.09
51|172|46.03
51|173|94.28
51|175|64.19
51|206|74.32
51|216|53.58
51|232|86.62
51|235|98.05
51|248|87.01
51|258|57.67
51|260|67.22
51|288|80.07
51|293|68.37
51|294|55.04
52|56|46.65
52|62|14.19
52|65|63.97
52|71|98.95
52|74|87.76
52|97|79.05
52|107|36.28
52|127|87.57
52|128|75.51
52|136|76.38
52|144|93.63
52|159|39.61
52|161|69.80
52|162|62.10
52|168|67.96
52|172|83.62
52|175|76.38
52|183|78.93
52|188|69.08
52|193|98.84
52|205|94.52
52|206|70.94
52|209|93.76
52|235|68.36
52|254|71.15
52|260|86.92
52|276|71.76
52|281|70.09
52|290|95.15
52|293|79.62
52|294|76.20
53|63|33.82
53|72|18.91
53|83|45.81
53|92|25.78
53|93|77.87
53|95|78.13
53|119|93.16
53|121|91.81
53|123|87.08
53|135|91.73
53|138|45.89
53|142|62.24
53|143|41.05
53|148|34.98
53|152|65.86
53|169|79.71
53|179|52.88
53|181|29.57
53|186|82.01
53|194|53.98
53|208|77.79
53|215|73.25
53|228|66.04
53|230|54.56
53|243|78.43
53|244|62.81
53|246|91.87
53|247|33.44
53|250|57.01
53|255|37.76
53|261|84.22
53|263|67.68
53|266|67.09
53|267|62.98
53|286|80.26
53|297|70.99
54|80|30.55
54|98|82.47
54|100|32.52
54|104|92.00
54|105|89.47
54|114|45.17
54|115|47.74
54|116|89.92
54|133|67.14
54|147|48.95
54|149|90.86
54|163|67.99
54|165|38.97
54|170|73.35
54|196|85.25
54|212|83.23
54|222|47.92
54|224|94.79
54|241|26.02
54|253|39.49
54|262|62.17
54|264|66.38
54|278|99.38
54|283|87.85
55|73|91.90
55|76|47.30
55|87|13.53
55|116|83.08
55|133|70.16
55|149|41.74
55|156|74.82
55|170|53.24
55|174|56.03
55|180|88.32
55|196|89.40
55|217|56.08
55|222|87.14
55|241|93.76
55|248|93.14
55|269|18.12
55|270|37.41
55|285|86.86
56|62|60.24
56|65|77.37
56|68|65.71
56|71|73.78
56|74|83.16
56|107|72.58
56|117|83.46
56|126|60.22
56|127|60.67
56|128|75.02
56|129|91.30
56|134|96.73
56|136|98.66
56|146|72.94
56|153|92.88
56|159|81.90
56|160|91.97
56|161|77.35
56|162|79.27
56|168|87.34
56|198|73.02
56|209|71.03
56|234|98.75
56|235|87.66
56|245|91.22
56|254|32.44
56|276|30.12
56|277|92.70
56|281|91.38
56|290|60.82
56|296|91.64
57|60|72.36
57|82|63.21
57|89|29.50
57|91|70.95
57|93|88.59
57|95|56.58
57|102|99.82
57|119|75.89
57|121|42.88
57|132|13.11
57|141|54.40
57|154|52.72
57|176|29.11
57|177|96.82
57|179|92.08
57|194|88.53
57|219|62.64
57|223|7.65
57|225|71.21
57|231|22.27
57|239|87.69
57|240|90.35
57|249|49.76
57|250|89.38
57|255|96.92
57|265|99.19
57|273|82.80
57|284|20.10
57|289|47.09
57|292|60.04
57|299|76.56
58|61|47.03
58|90|29.76
58|99|88.84
58|101|82.50
58|108|26.68
58|109|99.74
58|111|93.65
58|113|67.63
58|150|95.91
58|182|82.13
58|185|84.45
58|197|86.50
58|218|75.88
58|220|43.70
58|224|95.66
58|226|49.93
58|227|69.03
58|236|57.23
58|259|99.83
58|268|45.11
58|271|32.45
58|275|26.28
58|278|92.62
59|63|78.72
59|64|54.00
59|67|15.20
59|68|81.15
59|72|90.90
59|77|43.07
59|94|80.01
59|106|45.04
59|117|70.67
59|118|59.22
59|123|56.11
59|127|97.36
59|134|83.61
59|142|49.12
59|143|69.40
59|146|78.79
59|148|87.53
59|151|70.70
59|153|93.71
59|178|91.70
59|181|80.25
59|186|41.19
59|198|84.98
59|201|66.97
59|208|42.64
59|209|96.92
59|210|27.29
59|221|68.72
59|228|54.81
59|230|55.25
59|244|73.67
59|245|65.90
59|246|92.48
59|257|32.18
59|266|59.79
59|267|90.55
59|287|88.46
60|86|56.40
60|89|77.82
60|95|87.74
60|103|73.52
60|121|80.70
60|132|60.90
60|135|71.29
60|141|38.56
60|154|47.49
60|155|87.15
60|176|67.82
60|184|79.79
60|207|45.56
60|219|16.03
60|223|71.12
60|225|51.45
60|231|86.25
60|238|93.49
60|249|43.80
60|273|18.73
60|284|58.35
60|286|99.76
60|289|25.28
60|299|16.48
61|79|71.08
61|90|66.77
61|98|94.71
61|101|85.07
61|105|67.17
61|108|64.36
61|111|76.59
61|113|88.65
61|163|74.37
61|197|57.97
61|220|25.61
61|224|50.14
61|226|80.20
61|227|30.05
61|233|74.25
61|236|25.11
61|262|95.83
61|268|67.69
61|271|70.97
61|275|28.28
61|278|48.38
61|295|95.87
62|65|61.54
62|74|89.45
62|97|71.61
62|107|35.93
62|120|93.89
62|128|76.75
62|136|78.87
62|144|88.15
62|159|33.69
62|161|77.54
62|162|58.43
62|168|62.92
62|172|70.31
62|175|65.51
62|183|79.00
62|188|58.68
62|205|93.64
62|206|61.36
62|235|63.32
62|254|82.50
62|260|73.18
62|276|85.93
62|281|73.38
62|293|65.78
62|294|62.14
63|67|75.12
63|72|17.28
63|77|69.19
63|83|73.12
63|92|49.48
63|93|96.46
63|117|96.73
63|123|70.19
63|138|56.25
63|142|29.73
63|143|10.36
63|148|35.65
63|152|67.89
63|153|93.61
63|169|90.11
63|179|76.80
63|181|11.86
63|186|48.20
63|194|79.27
63|208|54.67
63|210|77.86
63|215|88.56
63|221|77.41
63|228|46.61
63|230|25.25
63|243|80.67
63|244|33.32
63|245|88.96
63|246|88.19
63|247|66.93
63|250|80.58
63|252|95.38
63|255|69.59
63|261|87.93
63|263|51.38
63|266|34.06
63|267|63.28
63|297|91.57
64|67|66.72
64|77|94.27
64|94|35.42
64|106|60.71
64|110|73.71
64|112|94.61
64|118|54.79
64|123|75.52
64|134|79.86
64|142|99.43
64|146|94.56
64|151|31.66
64|178|46.13
64|186|95.17
64|195|81.88
64|198|96.25
64|199|70.75
64|201|63.00
64|208|77.01
64|210|75.85
64|228|89.74
64|257|24.28
64|287|41.43
65|71|67.17
65|74|33.85
65|97|28.80
65|107|97.32
65|124|65.42
65|128|22.42
65|137|79.29
65|159|94.22
65|162|6.02
65|168|12.46
65|172|70.71
65|175|46.51
65|192|40.34
65|206|36.30
65|235|12.59
65|254|73.86
65|277|49.20
65|290|78.85
65|293|97.91
65|294|77.88
66|73|22.14
66|174|53.36
66|180|26.18
66|217|55.46
66|256|53.76
66|270|70.37
67|68|67.24
67|72|89.30
67|77|28.20
67|94|88.91
67|106|41.69
67|117|55.75
67|118|59.82
67|123|67.04
67|127|82.72
67|134|81.18
67|142|45.72
67|143|66.91
67|146|70.89
67|148|90.10
67|151|78.86
67|153|78.60
67|181|78.86
67|186|31.13
67|198|78.02
67|201|66.30
67|208|50.41
67|209|81.87
67|210|12.37
67|221|53.71
67|228|60.85
67|230|54.42
67|244|64.03
67|245|50.76
67|257|43.21
67|263|93.45
67|266|50.66
67|267|97.73
67|276|99.92
67|287|97.66
68|77|49.56
68|106|59.54
68|117|18.79
68|118|76.11
68|126|75.01
68|127|19.60
68|134|74.96
68|142|94.67
68|146|44.57
68|153|42.96
68|160|99.44
68|161|75.41
68|186|71.38
68|193|88.01
68|198|52.25
68|201|74.44
68|209|26.85
68|210|55.09
68|221|39.91
68|244|86.08
68|245|26.44
68|254|81.25
68|257|95.39
68|263|99.81
68|266|81.27
68|276|36.66
68|281|99.92
69|84|77.49
69|110|93.82
69|112|94.58
69|129|94.00
69|160|96.71
69|195|92.49
69|199|90.54
69|200|35.40
69|203|4.60
69|234|86.78
69|251|34.61
69|272|92.61
69|274|67.41
69|280|64.31
69|296|94.11
70|85|41.91
70|88|98.58
70|96|54.80
70|99|51.45
70|101|84.11
70|113|59.78
70|130|95.24
70|140|67.46
70|150|34.60
70|157|49.09
70|158|71.59
70|166|82.01
70|167|15.04
70|182|85.23
70|211|97.37
70|213|94.11
70|218|71.69
70|259|97.75
70|298|47.78
71|74|39.95
71|84|76.44
71|97|93.41
71|112|95.58
71|126|60.75
71|128|45.84
71|129|60.29
71|160|71.38
71|162|73.05
71|168|78.91
71|192|73.80
71|198|96.17
71|234|65.98
71|235|78.91
71|254|44.35
71|272|46.99
71|274|75.81
71|276|90.45
71|277|35.17
71|280|73.19
71|290|22.41
71|296|62.97
72|77|85.90
72|83|55.94
72|92|32.40
72|93|91.89
72|95|96.85
72|123|71.32
72|138|42.76
72|142|43.67
72|143|22.52
72|148|24.61
72|152|71.19
72|169|89.76
72|179|68.94
72|181|10.66
72|186|64.41
72|194|70.66
72|208|59.96
72|210|93.30
72|215|74.27
72|221|94.68
72|228|49.00
72|230|35.65
72|243|71.39
72|244|49.94
72|246|81.95
72|247|52.22
72|250|72.98
72|255|56.57
72|261|90.91
72|263|62.93
72|266|51.31
72|267|54.40
72|286|90.48
72|297|75.79
73|87|91.92
73|156|98.32
73|174|36.53
73|180|4.38
73|217|37.64
73|248|86.99
73|256|40.24
73|258|99.83
73|270|55.06
74|97|55.43
74|124|84.89
74|126|95.14
74|128|12.79
74|162|39.72
74|168|43.18
74|175|77.58
74|192|35.26
74|206|67.76
74|235|43.06
74|254|65.80
74|272|77.94
74|277|15.59
74|290|58.18
75|78|75.06
75|102|93.98
75|125|34.33
75|131|65.01
75|136|77.72
75|139|50.31
75|144|99.97
75|152|88.88
75|161|87.61
75|169|90.10
75|171|87.97
75|183|81.02
75|190|40.42
75|193|59.62
75|205|72.16
75|214|75.36
75|229|72.01
75|237|42.48
75|252|51.51
75|261|75.53
75|263|93.74
75|279|45.26
75|281|83.10
75|282|17.78
75|291|71.75
76|87|47.09
76|116|37.15
76|133|36.87
76|149|66.67
76|170|30.87
76|189|71.35
76|222|89.96
76|241|77.76
76|269|33.91
76|270|84.61
76|283|76.29
77|106|55.00
77|117|33.23
77|118|75.93
77|123|86.64
77|127|60.61
77|134|90.80
77|142|45.44
77|143|64.17
77|146|70.91
77|148|94.29
77|153|50.82
77|181|76.79
77|186|22.18
77|198|79.36
77|201|79.97
77|208|66.95
77|209|57.15
77|210|18.75
77|221|25.71
77|228|73.54
77|230|56.81
77|244|46.52
77|245|26.32
77|252|96.17
77|257|70.25
77|263|71.75
77|266|36.58
77|276|85.80
78|80|94.31
78|100|82.54
78|104|30.49
78|107|69.35
78|115|79.76
78|120|90.26
78|131|77.76
78|136|41.52
78|144|25.21
78|147|78.38
78|159|69.88
78|161|71.58
78|173|86.11
78|183|30.34
78|188|65.77
78|190|92.59
78|193|67.70
78|205|15.43
78|212|60.22
78|253|74.60
78|264|99.99
78|279|53.85
78|281|48.15
78|282|69.54
78|291|87.26
79|105|34.79
79|116|77.20
79|133|97.03
79|163|68.78
79|165|85.33
79|189|46.36
79|220|62.79
79|224|73.84
79|227|41.06
79|233|4.59
79|236|89.82
79|268|94.60
79|275|80.20
79|278|78.92
79|283|41.50
80|100|37.28
80|104|69.56
80|114|72.31
80|115|55.59
80|120|85.04
80|133|81.57
80|144|86.59
80|147|56.11
80|149|80.19
80|156|88.09
80|163|98.27
80|165|69.51
80|170|81.05
80|173|74.58
80|196|60.25
80|212|54.76
80|222|30.69
80|232|77.25
80|241|38.13
80|253|21.13
80|262|87.00
80|264|82.69
80|285|83.63
81|85|88.26
81|96|99.96
81|98|73.02
81|99|79.10
81|101|51.90
81|111|31.12
81|113|85.10
81|122|56.13
81|130|80.90
81|131|93.96
81|139|89.05
81|158|56.86
81|164|19.45
81|166|68.35
81|187|29.38
81|191|45.89
81|197|51.59
81|202|91.20
81|213|65.97
81|214|60.71
81|224|93.34
81|229|97.42
81|236|82.06
81|242|85.45
81|262|94.59
81|264|93.18
81|278|87.12
81|291|84.64
81|295|11.75
82|88|86.67
82|89|72.37
82|91|54.50
82|93|77.14
82|95|84.91
82|102|54.52
82|119|59.65
82|121|76.47
82|122|76.67
82|130|88.85
82|132|74.69
82|169|91.49
82|171|60.52
82|176|80.23
82|177|43.17
82|179|97.74
82|191|95.55
82|194|96.43
82|202|49.46
82|211|93.52
82|213|95.83
82|223|65.89
82|229|77.66
82|231|52.86
82|239|30.97
82|240|52.78
82|242|57.14
82|250|93.67
82|265|83.78
82|284|80.54
82|292|70.71
83|92|23.70
83|95|80.52
83|121|91.93
83|123|93.29
83|135|52.06
83|138|34.63
83|141|89.13
83|142|94.78
83|143|75.76
83|148|47.40
83|154|84.28
83|155|88.23
83|179|77.90
83|181|63.36
83|184|93.18
83|194|76.43
83|208|94.21
83|215|38.65
83|228|81.05
83|230|84.06
83|238|74.34
83|243|61.32
83|246|79.30
83|247|40.22
83|250|81.45
83|255|50.88
83|267|54.71
83|286|34.75
83|297|29.50
84|94|95.01
84|106|95.28
84|110|52.26
84|112|29.88
84|118|79.93
84|126|50.38
84|129|18.73
84|134|55.78
84|146|76.45
84|151|93.12
84|160|19.45
84|178|91.65
84|195|42.16
84|198|67.85
84|199|64.33
84|200|55.65
84|201|71.81
84|203|77.94
84|234|11.32
84|251|60.20
84|254|81.09
84|272|59.22
84|274|13.91
84|280|51.35
84|287|96.17
84|290|62.98
84|296|17.68
85|88|72.10
85|96|30.59
85|99|23.69
85|101|51.58
85|111|84.94
85|113|43.99
85|130|59.96
85|140|63.67
85|150|67.68
85|157|45.18
85|158|31.82
85|166|42.71
85|167|45.98
85|187|86.62
85|211|76.14
85|213|54.97
85|218|97.16
85|295|90.62
85|298|53.92
86|103|22.82
86|141|92.99
86|155|88.28
86|184|79.02
86|207|44.16
86|219|71.37
86|225|75.30
86|249|84.23
86|273|43.29
86|289|80.35
86|299|49.60
87|116|84.18
87|133|75.85
87|149|55.26
87|156|87.46
87|170|60.41
87|174|57.97
87|180|88.76
87|217|58.85
87|222|99.87
87|269|13.20
87|270|40.56
87|285|99.73
88|91|64.97
88|96|44.67
88|99|92.18
88|122|86.07
88|130|26.38
88|140|48.02
88|157|54.21
88|158|79.18
88|166|43.97
88|187|85.00
88|202|95.55
88|211|13.06
88|213|41.60
88|239|56.76
88|242|98.48
88|265|56.36
88|292|90.42
88|298|64.02
89|91|55.80
89|95|85.98
89|121|72.29
89|132|37.14
89|141|74.01
89|154|75.25
89|176|10.16
89|219|73.81
89|223|22.06
89|225|55.63
89|231|49.89
89|239|88.08
89|249|39.69
89|265|78.34
89|273|81.82
89|284|22.47
89|289|55.59
89|292|35.84
89|299|75.63
90|108|3.08
90|109|88.70
90|113|92.72
90|182|76.86
90|185|65.44
90|218|76.32
90|220|51.36
90|226|20.79
90|227|79.04
90|236|83.30
90|259|90.59
90|268|21.85
90|271|4.40
90|275|38.78
91|130|82.96
91|132|83.63
91|140|99.21
91|176|65.91
91|177|95.61
91|202|95.34
91|211|63.80
91|213|96.50
91|223|67.42
91|231|78.12
91|239|47.67
91|249|94.17
91|265|31.52
91|284|76.30
91|292|27.66
92|93|97.82
92|95|85.35
92|121|98.33
92|123|78.22
92|135|74.99
92|138|24.38
92|142|71.62
92|143|52.16
92|148|26.61
92|152|91.34
92|154|98.99
92|179|70.96
92|181|39.68
92|186|94.20
92|194|70.77
92|208|75.17
92|215|47.68
92|228|62.04
92|230|61.24
92|238|97.48
92|243|57.59
92|244|82.33
92|246|73.44
92|247|38.44
92|250|74.98
92|255|47.74
92|263|92.23
92|266|83.14
92|267|44.98
92|286|58.08
92|297|45.42
93|95|50.35
93|102|48.09
93|119|17.56
93|121|56.89
93|125|85.79
93|132|89.60
93|141|99.94
93|152|44.42
93|154|91.23
93|169|23.12
93|171|67.00
93|177|61.33
93|179|27.27
93|194|28.71
93|202|80.76
93|223|96.02
93|229|74.73
93|231|66.45
93|237|91.37
93|240|36.32
93|242|84.58
93|247|64.90
93|250|23.61
93|252|92.03
93|255|54.30
93|261|40.43
93|263|79.53
94|106|64.70
94|110|42.83
94|112|68.65
94|118|47.96
94|134|63.91
94|146|88.46
94|151|10.74
94|160|92.75
94|178|11.73
94|195|53.04
94|198|86.87
94|199|36.09
94|201|52.44
94|210|94.52
94|251|90.80
94|257|48.18
94|287|8.90
95|102|87.35
95|119|49.15
95|121|13.70
95|132|50.93
95|135|78.48
95|141|49.78
95|152|85.62
95|154|40.96
95|169|72.26
95|176|83.75
95|177|94.12
95|179|39.99
95|194|35.86
95|219|71.87
95|223|63.92
95|231|41.10
95|240|74.42
95|247|47.34
95|249|92.73
95|250|38.72
95|255|40.41
95|261|88.81
95|284|69.98
95|286|92.90
95|289|69.79
96|99|53.73
96|101|76.38
96|113|74.52
96|130|41.86
96|140|36.65
96|150|87.81
96|157|23.38
96|158|51.43
96|166|35.26
96|167|65.42
96|187|88.92
96|211|46.41
96|213|45.20
96|239|97.07
96|265|94.86
96|298|35.63
97|124|37.48
97|128|47.59
97|137|50.49
97|159|99.54
97|162|24.64
97|168|16.54
97|172|49.73
97|175|23.83
97|192|39.97
97|206|16.25
97|235|16.33
97|260|91.94
97|277|68.47
97|293|85.68
97|294|61.92
98|100|70.42
98|105|87.17
98|111|68.34
98|114|40.62
98|115|56.88
98|131|61.62
98|147|57.50
98|163|54.48
98|164|53.72
98|165|63.50
98|187|97.41
98|191|93.54
98|197|53.59
98|214|82.29
98|224|49.88
98|236|77.34
98|253|96.08
98|262|22.19
98|264|28.19
98|278|48.18
98|279|88.63
98|291|53.93
98|295|65.21
99|101|32.73
99|111|68.30
99|113|21.29
99|130|75.46
99|140|87.32
99|150|65.46
99|157|68.53
99|158|25.62
99|164|93.63
99|166|55.17
99|167|48.15
99|187|85.44
99|197|86.99
99|211|97.82
99|213|66.31
99|218|86.80
99|236|90.34
99|295|78.51
99|298|76.37
100|104|68.67
100|114|47.01
100|115|18.45
100|131|70.48
100|133|99.66
100|144|85.39
100|147|19.14
100|163|79.51
100|165|57.02
100|173|98.82
100|196|96.89
100|205|97.93
100|212|70.03
100|222|66.87
100|224|99.67
100|241|57.36
100|253|25.71
100|262|56.38
100|264|46.07
100|279|77.83
100|291|72.65
101|111|35.69
101|113|33.28
101|122|96.38
101|130|82.03
101|150|93.79
101|157|95.78
101|158|26.05
101|164|63.28
101|166|61.38
101|167|79.46
101|187|67.29
101|191|93.89
101|197|54.94
101|213|68.43
101|224|98.00
101|236|64.51
101|275|94.17
101|278|91.44
101|295|48.43
102|119|38.91
102|121|87.24
102|122|67.21
102|125|60.51
102|139|65.12
102|152|73.83
102|169|48.60
102|171|19.44
102|177|16.59
102|179|75.34
102|187|96.61
102|191|75.62
102|194|76.49
102|202|33.83
102|214|78.40
102|229|31.98
102|231|79.89
102|237|59.05
102|239|71.29
102|240|13.03
102|242|36.69
102|250|71.58
102|252|99.27
102|261|56.62
102|282|99.06
103|155|79.86
103|184|71.03
103|207|45.78
103|219|86.84
103|225|98.04
103|238|94.82
103|273|63.65
103|289|98.57
103|299|69.96
104|107|76.19
104|115|72.86
104|120|63.91
104|131|90.62
104|136|64.58
104|144|17.40
104|147|71.81
104|159|70.61
104|161|94.50
104|173|58.05
104|183|51.15
104|188|52.08
104|193|96.29
104|196|94.72
104|205|42.28
104|212|29.82
104|222|91.61
104|232|71.96
104|253|52.66
104|260|81.00
104|264|99.43
104|279|73.54
104|281|69.60
104|282|95.42
104|291|98.97
104|293|82.67
105|114|66.28
105|116|73.85
105|133|83.32
105|163|34.26
105|165|52.13
105|189|59.44
105|197|90.99
105|220|71.87
105|224|46.49
105|227|44.12
105|233|32.97
105|236|76.79
105|241|91.06
105|262|72.57
105|275|87.25
105|278|52.78
105|283|35.58
106|110|66.40
106|112|67.11
106|117|60.35
106|118|21.05
106|123|99.86
106|126|76.39
106|127|79.08
106|129|93.46
106|134|39.51
106|142|87.27
106|146|36.65
106|151|54.04
106|153|91.60
106|160|80.77
106|178|74.11
106|186|69.63
106|195|65.80
106|198|41.25
106|199|77.22
106|201|25.37
106|208|87.68
106|209|84.14
106|210|39.41
106|221|72.14
106|228|99.71
106|230|96.09
106|234|94.90
106|245|60.70
106|257|40.37
106|266|88.58
106|276|79.38
106|287|73.35
106|296|90.64
107|120|88.65
107|127|89.14
107|136|43.22
107|144|59.11
107|159|14.65
107|161|48.66
107|162|94.35
107|168|98.77
107|172|94.42
107|173|92.60
107|175|96.83
107|183|43.27
107|188|46.60
107|193|73.31
107|205|58.45
107|206|94.63
107|209|90.88
107|212|90.04
107|235|99.17
107|260|78.22
107|276|88.44
107|281|38.29
107|293|72.74
107|294|81.04
108|109|89.45
108|113|90.00
108|182|76.90
108|185|67.05
108|218|75.74
108|220|49.79
108|226|23.73
108|227|77.53
108|236|80.48
108|259|91.14
108|268|23.58
108|271|6.65
108|275|36.56
109|150|69.06
109|167|91.23
109|182|22.96
109|185|32.54
109|204|19.59
109|218|37.95
109|226|92.91
109|259|6.14
109|271|84.61
110|112|28.49
110|118|45.57
110|126|75.68
110|129|63.91
110|134|39.56
110|146|70.55
110|151|42.21
110|160|52.41
110|178|39.78
110|195|11.36
110|198|65.09
110|199|16.90
110|200|91.01
110|201|42.00
110|203|91.61
110|234|59.72
110|251|60.88
110|257|75.34
110|274|62.18
110|280|99.09
110|287|44.07
110|296|61.03
111|113|66.51
111|122|86.85
111|130|98.17
111|158|54.45
111|163|97.62
111|164|32.21
111|166|80.71
111|187|58.56
111|191|76.75
111|197|25.47
111|213|82.87
111|214|87.88
111|224|70.98
111|236|51.62
111|262|86.38
111|264|94.41
111|275|95.58
111|278|64.33
111|291|98.85
111|295|20.96
112|118|50.38
112|126|48.60
112|129|36.63
112|134|28.58
112|146|55.77
112|151|65.16
112|160|24.23
112|178|67.60
112|195|17.16
112|198|48.11
112|199|44.51
112|200|81.02
112|201|42.63
112|203|93.69
112|234|33.89
112|251|67.62
112|254|86.00
112|257|89.74
112|272|87.85
112|274|42.97
112|276|93.29
112|280|81.04
112|287|71.46
112|290|77.14
112|296|33.59
113|130|95.94
113|150|61.82
113|157|87.33
113|158|41.44
113|164|96.19
113|166|75.23
113|167|51.10
113|182|88.65
113|187|97.60
113|197|79.72
113|213|85.72
113|218|73.89
113|236|75.74
113|271|93.37
113|275|87.27
113|295|81.54
113|298|93.77
114|115|44.53
114|131|81.52
114|133|91.78
114|147|45.95
114|163|33.75
114|164|94.01
114|165|24.64
114|197|83.08
114|222|93.04
114|224|53.09
114|227|96.87
114|233|98.92
114|236|94.52
114|241|65.23
114|253|70.59
114|262|18.52
114|264|37.75
114|278|56.53
114|283|82.97
114|291|77.73
115|131|52.83
115|144|88.02
115|147|1.51
115|163|78.27
115|165|61.75
115|205|94.61
115|212|80.98
115|222|85.31
115|224|93.48
115|241|73.60
115|253|41.34
115|262|47.63
115|264|29.98
115|278|95.16
115|279|63.80
115|282|92.31
115|291|54.38
116|133|29.42
116|149|91.41
116|163|90.51
116|165|78.93
116|170|42.24
116|189|38.20
116|222|96.07
116|233|72.67
116|241|70.74
116|269|71.03
116|283|39.27
117|118|79.82
117|126|91.96
117|127|27.54
117|134|84.64
117|142|77.17
117|143|93.74
117|146|56.66
117|153|31.75
117|161|78.44
117|186|54.10
117|190|95.50
117|193|84.57
117|198|65.12
117|201|80.23
117|209|26.45
117|210|43.42
117|221|21.41
117|230|88.65
117|244|67.30
117|245|7.79
117|252|90.79
117|257|90.46
117|263|82.27
117|266|62.68
117|276|55.17
118|126|72.13
118|127|95.62
118|129|81.54
118|134|26.94
118|146|41.53
118|151|38.00
118|160|68.22
118|178|55.83
118|186|89.43
118|195|46.03
118|198|41.84
118|199|56.22
118|201|8.92
118|210|59.63
118|221|92.92
118|234|81.53
118|245|80.93
118|257|41.90
118|274|93.31
118|276|88.86
118|287|55.98
118|296|78.52
119|121|51.38
119|125|88.25
119|132|78.94
119|141|96.12
119|152|60.78
119|154|87.92
119|169|36.41
119|171|58.31
119|177|48.82
119|179|40.56
119|194|40.50
119|202|68.47
119|223|83.00
119|229|69.47
119|231|53.67
119|237|91.32
119|239|87.75
119|240|25.89
119|242|73.37
119|247|75.78
119|250|36.45
119|255|65.17
119|261|53.09
119|263|96.36
119|284|95.45
120|144|65.57
120|145|42.74
120|156|79.93
120|159|74.82
120|172|74.45
120|173|10.46
120|175|97.70
120|183|95.00
120|188|42.16
120|196|61.07
120|205|95.75
120|212|40.96
120|216|36.44
120|222|85.34
120|232|17.22
120|248|83.67
120|253|83.56
120|258|83.32
120|260|28.64
120|285|67.06
120|288|69.66
120|293|35.21
120|294|58.93
121|132|37.68
121|135|83.20
121|141|44.78
121|152|95.88
121|154|36.82
121|169|79.78
121|176|70.24
121|177|91.65
121|179|51.75
121|194|47.81
121|219|65.39
121|223|50.23
121|231|28.52
121|240|74.76
121|247|60.67
121|249|80.80
121|250|49.84
121|255|54.07
121|261|96.87
121|273|97.35
121|284|56.76
121|289|60.33
121|299|92.25
122|125|83.64
122|130|65.66
122|139|63.06
122|158|85.93
122|164|67.04
122|166|69.20
122|171|49.58
122|177|54.92
122|187|29.51
122|191|21.27
122|202|35.40
122|211|98.98
122|213|58.36
122|214|46.90
122|229|51.84
122|237|71.61
122|239|62.11
122|240|79.01
122|242|30.59
122|291|95.96
122|295|67.64
123|138|58.66
123|142|54.98
123|143|60.54
123|148|53.48
123|181|63.11
123|186|70.06
123|208|20.69
123|210|78.58
123|215|76.00
123|228|23.59
123|230|48.72
123|243|45.86
123|244|88.60
123|246|36.41
123|257|69.91
123|266|77.45
123|267|40.23
123|297|88.80
124|128|80.59
124|137|19.12
124|162|61.93
124|168|53.72
124|172|52.38
124|175|38.74
124|192|55.61
124|206|42.06
124|235|53.46
124|260|98.69
124|277|94.32
124|293|94.67
124|294|69.81
125|131|73.27
125|139|27.28
125|152|76.32
125|169|67.91
125|171|53.66
125|177|70.04
125|190|57.82
125|191|75.11
125|193|89.79
125|202|72.28
125|214|55.74
125|229|38.03
125|237|13.48
125|240|68.91
125|242|67.52
125|252|62.18
125|261|58.02
125|263|94.18
125|279|65.99
125|282|39.00
125|291|76.04
126|127|85.65
126|128|95.06
126|129|34.50
126|134|46.94
126|146|42.81
126|160|32.03
126|195|64.93
126|198|35.71
126|199|92.41
126|201|63.56
126|209|97.18
126|234|41.18
126|245|98.40
126|254|37.85
126|272|78.01
126|274|60.96
126|276|52.98
126|277|95.02
126|280|87.67
126|290|38.47
126|296|33.81
127|134|92.88
127|136|86.16
127|146|61.94
127|153|33.61
127|161|55.81
127|183|99.04
127|186|80.68
127|190|92.02
127|193|69.67
127|198|68.79
127|201|93.65
127|209|11.81
127|210|70.36
127|221|42.69
127|244|88.25
127|245|34.35
127|252|91.35
127|254|83.30
127|263|95.83
127|266|86.50
127|276|37.16
127|281|80.37
128|137|96.72
128|162|28.44
128|168|33.31
128|172|92.91
128|175|68.14
128|192|38.08
128|206|58.04
128|235|33.28
128|254|62.24
128|272|87.90
128|277|28.29
128|290|60.44
129|134|55.03
129|146|68.26
129|160|13.42
129|195|52.75
129|198|59.66
129|199|78.21
129|200|67.97
129|201|72.77
129|203|94.89
129|234|7.56
129|251|78.85
129|254|62.49
129|272|53.90
129|274|26.69
129|276|87.46
129|277|94.51
129|280|55.64
129|290|44.82
129|296|3.11
130|140|63.16
130|157|60.94
130|158|57.59
130|166|21.09
130|177|99.10
130|187|59.67
130|191|81.89
130|202|83.29
130|211|38.68
130|213|15.35
130|239|58.06
130|242|84.34
130|265|80.90
130|295|90.12
130|298|72.96
131|139|57.93
131|144|98.40
131|147|51.77
131|164|78.76
131|191|81.64
131|205|87.26
131|214|55.65
131|229|91.44
131|237|66.70
131|253|87.42
131|262|71.48
131|264|44.07
131|279|28.44
131|282|47.24
131|291|9.73
131|295|93.82
132|135|95.75
132|141|41.35
132|154|40.16
132|176|33.13
132|179|89.13
132|194|85.29
132|219|50.13
132|223|16.72
132|225|67.51
132|231|26.91
132|240|96.35
132|247|95.43
132|249|45.32
132|250|86.91
132|255|90.35
132|273|72.92
132|284|19.08
132|289|35.74
132|292|70.78
132|299|66.84
133|149|66.64
133|163|88.74
133|165|68.35
133|170|18.11
133|189|65.57
133|196|97.45
133|222|66.73
133|233|92.47
133|241|44.32
133|269|64.12
133|283|55.59
134|146|31.04
134|151|56.41
134|160|41.89
134|178|67.81
134|195|33.27
134|198|25.73
134|199|55.54
134|201|18.03
134|210|77.74
134|234|55.72
134|245|88.10
134|251|93.81
134|254|83.13
134|257|68.84
134|274|69.61
134|276|75.85
134|287|69.91
134|290|84.01
134|296|52.06
135|138|84.37
135|141|55.36
135|148|99.41
135|154|55.69
135|155|48.00
135|179|99.50
135|184|48.94
135|194|96.17
135|207|59.20
135|215|70.40
135|219|62.34
135|238|40.92
135|247|67.95
135|255|75.01
135|273|87.14
135|286|28.50
135|289|78.35
135|297|55.60
135|299|87.21
136|144|49.32
136|153|85.06
136|159|52.17
136|161|30.35
136|183|13.53
136|188|68.86
136|190|74.99
136|193|37.14
136|205|26.17
136|209|82.11
136|212|90.12
136|252|86.60
136|279|80.47
136|281|7.28
136|282|81.76
137|145|86.68
137|162|74.92
137|168|66.97
137|172|45.31
137|175|42.15
137|192|74.46
137|206|49.21
137|216|90.68
137|235|66.78
137|260|88.89
137|293|86.13
137|294|62.73
138|142|68.88
138|143|54.25
138|148|21.08
138|179|95.06
138|181|44.44
138|186|92.16
138|194|95.03
138|208|60.91
138|215|32.39
138|228|48.04
138|230|57.42
138|238|96.79
138|243|33.35
138|244|89.01
138|246|49.12
138|247|62.53
138|250|99.11
138|255|72.08
138|266|85.90
138|267|21.23
138|286|60.69
138|297|37.96
139|164|84.92
139|169|88.28
139|171|50.62
139|177|68.34
139|187|79.80
139|190|82.95
139|191|50.42
139|202|62.92
139|214|28.50
139|229|33.82
139|237|14.18
139|240|76.71
139|242|56.20
139|252|88.81
139|261|81.71
139|264|96.66
139|279|61.82
139|282|44.30
139|291|57.56
139|295|95.88
140|157|19.90
140|158|88.06
140|166|66.94
140|167|81.93
140|211|39.49
140|213|73.27
140|265|75.98
140|298|20.89
141|154|8.95
141|155|91.42
141|176|66.39
141|179|87.58
141|184|87.20
141|194|83.37
141|207|67.40
141|219|22.53
141|223|57.38
141|225|76.40
141|231|58.94
141|238|91.25
141|247|76.50
141|249|58.38
141|250|87.20
141|255|76.04
141|273|56.89
141|284|51.62
141|286|81.45
141|289|27.89
141|299|53.05
142|143|21.20
142|148|48.85
142|152|90.31
142|153|83.32
142|181|33.40
142|186|23.31
142|208|34.98
142|209|97.21
142|210|49.91
142|215|99.94
142|221|61.58
142|228|34.31
142|230|11.49
142|243|82.31
142|244|33.88
142|245|69.54
142|246|83.55
142|247|95.68
142|255|99.06
142|257|80.52
142|263|63.71
142|266|22.63
142|267|66.40
143|148|33.17
143|152|77.68
143|153|94.06
143|179|86.78
143|181|12.65
143|186|42.30
143|194|89.12
143|208|44.40
143|210|70.80
143|215|86.54
143|221|75.64
143|228|36.96
143|230|14.99
143|243|75.08
143|244|35.42
143|245|85.95
143|246|80.91
143|247|74.49
143|250|90.61
143|255|78.07
143|257|99.92
143|261|97.68
143|263|58.39
143|266|31.90
143|267|57.85
143|297|91.21
144|147|86.86
144|159|54.63
144|161|78.51
144|173|62.28
144|183|35.80
144|188|42.08
144|193|83.46
144|205|31.00
144|212|40.96
144|232|77.09
144|253|70.06
144|260|76.61
144|279|77.24
144|281|53.61
144|282|94.72
144|293|76.67
144|294|98.64
145|156|69.66
145|172|60.44
145|173|49.67
145|175|86.33
145|188|76.10
145|196|68.11
145|206|95.67
145|212|82.01
145|216|6.36
145|232|39.39
145|248|58.12
145|258|44.82
145|260|40.00
145|285|58.44
145|288|45.75
145|293|46.21
145|294|53.83
146|151|79.10
146|153|86.66
146|160|58.06
146|178|94.71
146|186|91.33
146|195|64.04
146|198|8.67
146|199|86.19
146|201|36.03
146|209|71.19
146|210|63.17
146|221|76.19
146|234|72.10
146|245|61.48
146|254|68.81
146|257|76.52
146|274|90.03
146|276|47.60
146|287|95.80
146|290|80.14
146|296|66.04
147|163|79.67
147|165|63.26
147|205|93.19
147|212|80.40
147|222|85.98
147|224|94.65
147|241|74.76
147|253|41.39
147|262|48.73
147|264|30.33
147|278|96.26
147|279|62.37
147|282|90.93
147|291|53.54
148|152|95.63
148|179|87.76
148|181|23.79
148|186|72.14
148|194|88.64
148|208|48.59
148|210|97.04
148|215|53.43
148|228|35.52
148|230|37.59
148|243|46.79
148|244|68.02
148|246|57.87
148|247|61.74
148|250|91.89
148|255|69.32
148|263|86.18
148|266|64.89
148|267|29.82
148|286|78.63
148|297|58.38
149|156|41.01
149|170|49.65
149|174|70.43
149|196|48.16
149|217|68.29
149|222|49.55
149|232|92.33
149|241|67.96
149|248|67.07
149|258|98.65
149|269|55.35
149|270|55.47
149|285|50.48
149|288|69.89
150|157|83.67
150|158|90.48
150|167|22.48
150|182|50.76
150|185|89.76
150|204|85.55
150|218|37.92
150|259|63.45
150|298|81.43
151|160|88.73
151|178|21.53
151|195|51.03
151|198|78.10
151|199|39.77
151|201|43.28
151|210|84.07
151|234|98.94
151|251|95.74
151|257|39.50
151|287|19.59
151|296|98.59
152|153|95.39
152|169|26.48
152|171|87.34
152|177|90.30
152|179|46.52
152|181|76.24
152|186|95.55
152|190|65.57
152|194|50.72
152|221|96.87
152|229|86.16
152|230|91.19
152|237|87.27
152|240|67.66
152|244|62.61
152|247|73.85
152|250|47.01
152|252|53.42
152|255|66.39
152|261|20.05
152|263|35.80
152|266|76.18
153|161|57.89
153|183|98.57
153|186|64.03
153|190|64.00
153|193|55.71
153|198|94.74
153|209|22.10
153|210|67.42
153|221|25.17
153|230|94.02
153|244|60.40
153|245|31.16
153|252|60.44
153|263|62.79
153|266|62.71
153|276|70.76
153|281|81.49
154|155|95.30
154|176|68.52
154|179|78.64
154|184|91.81
154|194|74.43
154|207|74.83
154|219|31.46
154|223|56.79
154|225|83.25
154|231|53.94
154|238|93.72
154|247|68.73
154|249|64.13
154|250|78.25
154|255|67.70
154|273|65.73
154|284|53.33
154|286|80.02
154|289|34.75
154|299|61.75
155|184|9.26
155|207|48.25
155|215|85.93
155|219|86.94
155|238|15.65
155|273|95.38
155|286|53.62
155|297|74.76
155|299|98.56
156|170|89.29
156|173|76.27
156|174|72.90
156|180|94.03
156|196|30.13
156|212|93.81
156|216|68.85
156|217|69.50
156|222|61.73
156|232|62.86
156|241|93.16
156|248|28.87
156|256|97.62
156|258|58.82
156|260|99.24
156|269|91.68
156|270|67.25
156|285|12.94
156|288|28.94
157|158|72.37
157|166|58.25
157|167|63.03
157|211|49.97
157|213|67.24
157|265|92.97
157|298|12.43
158|164|73.60
158|166|36.53
158|167|71.59
158|187|59.94
158|191|89.24
158|197|77.67
158|211|87.64
158|213|45.41
158|236|90.51
158|295|58.81
158|298|82.95
159|161|62.51
159|162|90.49
159|168|93.84
159|172|82.10
159|173|79.41
159|175|87.25
159|183|48.55
159|188|33.25
159|193|85.42
159|205|61.70
159|206|86.33
159|212|80.17
159|216|99.17
159|232|91.90
159|235|94.22
159|260|63.57
159|281|48.67
159|293|58.16
159|294|67.76
160|178|91.80
160|195|41.07
160|198|49.39
160|199|67.67
160|200|74.62
160|201|59.49
160|203|96.98
160|234|14.35
160|251|76.92
160|254|66.15
160|272|67.14
160|274|32.25
160|276|83.69
160|280|66.41
160|287|95.68
160|290|53.55
160|296|10.34
161|183|43.42
161|188|88.95
161|190|69.61
161|193|29.56
161|205|56.15
161|209|52.06
161|221|82.14
161|245|82.46
161|252|77.52
161|276|75.09
161|281|24.93
161|282|96.95
162|168|8.21
162|172|64.75
162|175|40.78
162|192|42.78
162|206|30.57
162|235|8.49
162|254|77.93
162|260|99.31
162|277|54.97
162|290|84.22
162|293|92.12
162|294|71.89
163|164|98.89
163|165|29.71
163|189|88.20
163|197|72.99
163|220|89.10
163|224|29.81
163|227|63.87
163|233|67.20
163|236|72.30
163|241|78.81
163|262|38.34
163|264|66.24
163|278|35.93
163|283|59.84
164|166|87.78
164|187|45.11
164|191|51.41
164|197|42.92
164|213|85.30
164|214|56.77
164|224|78.98
164|229|99.95
164|236|76.14
164|237|99.01
164|242|93.63
164|262|75.49
164|264|73.94
164|278|73.23
164|291|69.13
164|295|15.12
165|170|82.41
165|189|89.43
165|197|97.69
165|222|82.58
165|224|58.46
165|227|90.81
165|233|82.42
165|241|49.71
165|253|75.00
165|262|41.54
165|264|61.92
165|278|63.91
165|283|60.65
166|167|88.38
166|187|53.86
166|191|80.91
166|202|94.06
166|211|54.17
166|213|12.28
166|239|77.13
166|242|93.49
166|295|75.86
166|298|70.65
167|182|71.81
167|218|57.69
167|259|85.72
167|298|62.63
168|172|59.86
168|175|34.83
168|192|39.22
168|206|24.76
168|235|0.40
168|254|85.96
168|260|97.22
168|277|57.74
168|290|91.25
168|293|90.28
168|294|68.70
169|171|64.12
169|177|64.76
169|179|40.12
169|181|96.71
169|190|78.34
169|194|43.42
169|202|82.24
169|229|66.43
169|231|88.93
169|237|75.82
169|240|41.34
169|242|84.06
169|244|88.84
169|247|76.35
169|250|38.20
169|252|69.11
169|255|66.61
169|261|17.33
169|263|62.08
170|189|80.27
170|196|85.34
170|222|60.07
170|241|47.81
170|269|49.85
170|270|87.74
170|283|73.30
170|285|96.44
171|177|17.75
171|179|94.26
171|187|78.54
171|191|56.30
171|194|95.60
171|202|21.22
171|214|59.88
171|229|17.18
171|231|95.53
171|237|48.13
171|239|68.66
171|240|32.42
171|242|20.46
171|250|90.60
171|261|68.38
171|282|89.69
172|173|84.90
172|175|25.95
172|188|74.12
172|192|88.84
172|206|35.27
172|216|61.63
172|232|84.72
172|235|59.95
172|258|93.69
172|260|46.57
172|293|42.29
172|294|17.64
173|183|94.14
173|188|46.17
173|196|54.42
173|205|93.13
173|212|32.39
173|216|43.32
173|222|75.77
173|232|14.90
173|248|83.62
173|253|73.40
173|258|87.14
173|260|38.95
173|285|63.70
173|288|69.87
173|293|45.24
173|294|69.30
174|180|32.65
174|217|3.62
174|248|71.98
174|256|64.72
174|258|95.23
174|269|70.54
174|270|18.70
174|285|85.09
174|288|85.04
175|188|88.81
175|192|63.38
175|206|10.22
175|216|87.57
175|235|34.87
175|260|69.11
175|277|91.44
175|293|63.32
175|294|38.78
176|219|64.45
176|223|21.57
176|225|47.31
176|231|51.13
176|239|97.54
176|249|29.87
176|265|87.61
176|273|71.69
176|284|15.29
176|289|46.17
176|292|44.84
176|299|65.48
177|179|88.09
177|187|84.38
177|191|66.96
177|194|88.69
177|202|19.66
177|213|99.46
177|214|75.47
177|229|34.89
177|231|79.07
177|237|65.59
177|239|55.53
177|240|25.12
177|242|24.91
177|250|84.14
177|261|73.20
178|195|50.90
178|198|92.17
178|199|28.91
178|201|58.92
178|234|99.48
178|251|81.11
178|257|59.91
178|287|5.24
179|181|78.61
179|194|4.22
179|223|99.72
179|231|72.02
179|240|63.33
179|244|90.54
179|247|37.88
179|250|4.13
179|252|99.85
179|255|27.45
179|261|53.83
179|263|74.77
180|217|33.58
180|248|83.15
180|256|40.40
180|258|96.85
180|270|51.28
180|288|97.19
181|186|54.95
181|194|80.54
181|208|50.21
181|210|83.25
181|215|76.79
181|221|87.43
181|228|40.05
181|230|25.00
181|243|69.27
181|244|44.75
181|245|98.21
181|246|77.72
181|247|62.82
181|250|82.59
181|255|67.20
181|261|96.24
181|263|62.79
181|266|43.64
181|267|51.90
181|286|97.28
181|297|80.22
182|185|39.43
182|204|42.50
182|218|15.36
182|226|85.87
182|259|19.94
182|268|96.34
182|271|73.30
183|188|59.03
183|190|84.32
183|193|49.07
183|205|16.20
183|209|95.41
183|212|76.65
183|252|96.70
183|260|97.62
183|279|76.00
183|281|18.68
183|282|82.13
183|293|95.04
184|207|39.35
184|215|93.70
184|219|80.79
184|238|23.83
184|273|87.07
184|286|59.10
184|289|99.02
184|297|81.91
184|299|90.50
185|204|40.03
185|218|52.22
185|226|64.41
185|259|37.60
185|268|78.31
185|271|61.05
186|198|99.53
186|201|94.97
186|208|49.47
186|209|75.45
186|210|30.32
186|221|40.30
186|228|53.69
186|230|34.75
186|244|32.97
186|245|46.59
186|252|96.34
186|257|72.96
186|263|63.00
186|266|19.56
186|267|88.54
187|191|29.49
187|197|80.82
187|202|64.78
187|211|97.87
187|213|46.81
187|214|55.06
187|229|78.17
187|237|91.37
187|239|80.74
187|242|60.09
187|291|94.75
187|295|41.11
188|205|65.05
188|206|91.69
188|212|51.00
188|216|70.86
188|232|58.99
188|253|95.72
188|260|38.59
188|281|68.67
188|293|36.47
188|294|56.71
189|227|86.54
189|233|42.45
189|283|29.20
190|193|41.06
190|205|83.09
190|209|80.77
190|221|82.22
190|229|92.31
190|237|70.77
190|244|82.66
190|245|93.50
190|252|13.87
190|261|61.04
190|263|57.78
190|266|94.22
190|279|82.30
190|281|77.22
190|282|57.92
191|197|93.82
191|202|49.30
191|213|71.82
191|214|27.96
191|229|51.67
191|237|61.90
191|239|83.22
191|240|88.42
191|242|42.39
191|279|99.60
191|282|91.63
191|291|75.10
191|295|56.03
192|206|56.14
192|235|38.85
192|254|99.82
192|277|40.17
192|290|93.29
193|205|54.02
193|209|61.32
193|221|80.52
193|245|86.04
193|252|50.85
193|263|86.50
193|276|97.85
193|279|83.28
193|281|37.57
193|282|71.19
194|223|96.16
194|231|68.78
194|240|64.21
194|244|94.04
194|247|36.23
194|250|5.38
194|255|25.60
194|261|57.61
194|263|78.84
195|198|57.70
195|199|27.54
195|200|85.50
195|201|40.48
195|203|90.80
195|234|48.86
195|251|61.53
195|257|80.69
195|274|53.14
195|280|90.82
195|287|55.01
195|290|94.27
195|296|49.82
196|212|65.49
196|216|64.66
196|217|97.60
196|222|38.94
196|232|44.43
196|241|73.78
196|248|53.36
196|253|74.34
196|258|76.30
196|260|86.03
196|270|92.18
196|285|23.40
196|288|45.70
196|293|93.60
197|214|98.55
197|220|83.56
197|224|45.59
197|227|78.75
197|236|33.52
197|262|67.36
197|264|81.65
197|275|81.63
197|278|38.92
197|291|96.25
197|295|39.85
198|199|81.25
198|201|34.90
198|209|78.54
198|210|70.92
198|221|84.81
198|234|63.44
198|245|70.08
198|254|65.03
198|257|79.85
198|274|81.39
198|276|50.27
198|287|93.71
198|290|73.78
198|296|57.40
199|200|94.20
199|201|54.77
199|203|87.64
199|234|73.18
199|251|56.06
199|257|77.81
199|274|72.03
199|287|33.99
199|296|75.50
200|203|38.77
200|234|61.83
200|251|49.00
200|272|57.22
200|274|42.40
200|280|28.91
200|290|98.67
200|296|69.01
201|210|64.77
201|221|94.99
201|234|72.96
201|245|82.18
201|254|98.13
201|257|50.82
201|274|85.36
201|276|83.63
201|287|59.81
201|296|69.76
202|213|81.90
202|214|62.75
202|229|34.25
202|231|94.09
202|237|64.37
202|239|49.76
202|240|44.44
202|242|7.71
202|261|88.47
203|234|87.57
203|251|31.58
203|272|95.83
203|274|68.48
203|280|67.64
203|296|94.86
204|218|57.24
204|259|23.31
204|271|98.92
205|212|70.79
205|252|96.39
205|253|89.66
205|279|60.87
205|281|32.96
205|282|70.38
205|291|96.96
206|216|96.60
206|235|24.82
206|260|75.79
206|277|81.91
206|293|69.46
206|294|45.96
207|219|52.38
207|225|90.71
207|238|59.58
207|249|88.47
207|273|48.73
207|286|82.42
207|289|68.97
207|299|52.94
208|210|60.95
208|215|85.29
208|221|89.45
208|228|13.20
208|230|30.62
208|243|59.19
208|244|68.84
208|245|93.27
208|246|54.35
208|257|64.90
208|263|98.16
208|266|57.14
208|267|47.94
208|297|96.14
209|210|69.63
209|221|35.64
209|244|79.27
209|245|31.29
209|252|79.67
209|254|94.87
209|263|84.76
209|266|78.92
209|276|48.88
209|281|76.99
210|221|43.01
210|228|70.35
210|230|60.02
210|244|61.36
210|245|38.67
210|257|51.70
210|263|88.93
210|266|49.18
210|276|88.53
211|213|53.53
211|239|65.07
211|265|49.01
211|292|87.05
211|298|57.93
212|216|75.67
212|222|68.75
212|232|44.38
212|241|91.99
212|253|46.20
212|260|65.20
212|279|99.76
212|281|93.95
212|285|82.98
212|288|95.66
212|293|69.37
212|294|94.50
213|214|99.58
213|239|66.13
213|242|81.53
213|265|96.12
213|295|74.91
213|298|79.65
214|229|47.56
214|237|42.40
214|240|91.28
214|242|55.05
214|264|83.59
214|279|71.71
214|282|64.73
214|291|50.55
214|295|67.38
215|228|73.93
215|230|88.47
215|238|70.28
215|243|32.15
215|246|49.55
215|247|78.21
215|255|88.84
215|267|37.36
215|286|42.17
215|297|14.85
216|232|33.35
216|248|59.98
216|258|49.67
216|260|36.01
216|285|57.05
216|288|46.92
216|293|42.74
216|294|53.25
217|248|68.37
217|256|63.62
217|258|91.81
217|269|71.18
217|270|18.71
217|285|81.62
217|288|81.42
218|226|88.66
218|259|34.08
218|268|97.25
218|271|73.36
219|223|62.91
219|225|60.07
219|231|73.66
219|238|90.63
219|247|97.61
219|249|46.61
219|255|97.96
219|273|34.48
219|284|52.26
219|286|90.65
219|289|18.28
219|299|31.09
220|224|70.33
220|226|59.77
220|227|27.75
220|233|66.92
220|236|50.41
220|268|45.76
220|271|55.75
220|275|17.43
220|278|70.20
220|283|99.64
221|228|93.94
221|230|72.84
221|244|46.52
221|245|14.85
221|252|75.19
221|257|94.51
221|263|61.25
221|266|43.81
221|276|75.45
222|232|72.35
222|241|35.11
222|248|89.42
222|253|50.98
222|269|95.45
222|285|60.39
222|288|83.89
223|225|65.16
223|231|29.59
223|239|88.38
223|240|96.51
223|249|44.30
223|250|97.03
223|265|94.48
223|273|80.02
223|284|14.83
223|289|46.16
223|292|54.16
223|299|73.71
224|227|51.14
224|233|74.13
224|236|43.06
224|262|46.15
224|264|72.49
224|275|78.21
224|278|6.69
224|283|80.55
224|295|81.92
225|231|92.82
225|249|22.21
225|273|41.98
225|284|51.14
225|289|48.58
225|292|78.68
225|299|38.22
226|227|85.80
226|236|99.79
226|259|96.03
226|268|14.86
226|271|20.02
226|275|52.16
227|233|44.35
227|236|50.76
227|262|95.27
227|268|71.18
227|271|83.43
227|275|43.53
227|278|53.31
227|283|73.34
228|230|26.03
228|243|50.43
228|244|66.69
228|245|99.56
228|246|49.39
228|247|96.38
228|257|78.11
228|263|94.06
228|266|56.84
228|267|36.98
228|297|84.03
229|237|31.12
229|239|83.80
229|240|44.38
229|242|29.87
229|250|98.07
229|252|93.18
229|261|66.23
229|279|94.62
229|282|72.72
229|291|90.15
230|243|71.62
230|244|40.73
230|245|81.02
230|246|74.13
230|247|87.80
230|255|92.11
230|257|85.20
230|263|68.31
230|266|31.94
230|267|55.36
230|297|95.36
231|239|81.83
231|240|69.52
231|247|88.38
231|249|70.95
231|250|68.98
231|255|80.83
231|273|99.46
231|284|41.84
231|289|61.66
231|292|74.52
231|299|93.48
232|248|68.74
232|253|79.98
232|258|73.14
232|260|42.13
232|285|50.04
232|288|54.97
232|293|49.53
232|294|70.98
233|236|92.22
233|268|99.18
233|275|84.31
233|278|79.46
233|283|36.96
234|251|71.32
234|254|70.05
234|272|54.21
234|274|19.80
234|276|94.12
234|277|99.57
234|280|52.07
234|290|51.74
234|296|7.37
235|254|86.17
235|260|97.45
235|277|57.58
235|290|91.34
235|293|90.52
235|294|68.88
236|262|83.51
236|268|88.88
236|271|87.06
236|275|48.38
236|278|38.26
236|295|70.75
237|240|69.35
237|242|58.70
237|252|75.62
237|261|68.15
237|279|64.77
237|282|41.60
237|291|67.95
238|286|39.60
238|297|59.23
239|240|74.57
239|242|55.76
239|265|68.48
239|292|72.83
240|242|48.43
240|250|59.46
240|252|99.91
240|255|89.63
240|261|52.76
241|253|56.12
241|262|83.52
241|264|91.68
241|269|95.53
241|283|79.08
241|285|94.03
242|261|88.84
242|282|99.40
242|295|96.58
243|246|18.25
243|247|95.15
243|267|17.39
243|286|74.06
243|297|46.52
244|245|59.81
244|247|92.90
244|250|93.47
244|252|70.05
244|255|92.56
244|261|80.39
244|263|30.95
244|266|13.95
244|267|93.10
245|252|87.75
245|257|87.83
245|263|76.09
245|266|54.90
245|276|62.93
246|267|28.99
246|286|91.71
246|297|64.24
247|250|41.30
247|255|10.67
247|261|87.18
247|263|89.63
247|266|99.16
247|267|83.40
247|286|66.50
247|297|69.65
248|256|75.86
248|258|31.88
248|260|95.21
248|270|73.80
248|285|29.96
248|288|14.04
249|273|43.11
249|284|29.72
249|289|30.96
249|292|70.03
249|299|37.22
250|255|30.74
250|261|52.75
250|263|76.66
251|272|97.53
251|274|55.83
251|280|72.67
251|287|86.29
251|296|77.86
252|261|51.87
252|263|44.05
252|266|82.17
252|279|95.03
252|281|88.13
252|282|69.29
253|262|81.75
253|264|70.90
253|279|87.04
253|285|97.47
253|291|91.69
254|272|82.88
254|274|87.82
254|276|46.30
254|277|70.77
254|290|28.49
254|296|63.45
255|261|78.33
255|263|85.74
255|267|92.65
255|286|76.13
255|297|80.29
256|258|75.33
256|270|82.10
256|288|88.47
257|266|91.88
257|287|56.44
258|260|84.76
258|285|55.02
258|288|31.28
258|293|90.64
258|294|93.21
259|271|86.62
260|285|86.46
260|288|81.61
260|293|7.71
260|294|30.38
261|263|51.00
261|266|94.25
261|282|89.63
262|264|28.31
262|278|47.53
262|279|95.23
262|283|95.26
262|291|65.97
262|295|86.09
263|266|44.83
264|278|72.53
264|279|66.92
264|282|90.89
264|291|40.00
264|295|87.62
265|292|42.81
265|298|96.86
266|267|86.87
267|286|75.38
267|297|48.96
268|271|24.02
268|275|40.52
269|270|52.61
270|285|80.12
270|288|85.29
271|275|43.08
272|274|50.21
272|277|65.32
272|280|28.39
272|290|54.39
272|296|56.88
273|284|65.79
273|289|38.12
273|299|6.33
274|280|38.14
274|290|66.14
274|296|27.15
275|278|76.66
276|281|95.46
276|290|71.81
276|296|86.76
277|280|93.69
277|290|56.65
277|296|97.34
278|283|87.12
278|295|75.62
279|281|87.63
279|282|29.20
279|291|37.99
280|290|75.07
280|296|57.80
281|282|88.04
282|291|54.18
284|289|34.38
284|292|58.27
284|299|59.46
285|288|23.74
285|293|94.15
286|297|27.54
288|293|88.88
288|294|99.57
289|292|91.01
289|299|32.46
290|296|46.91
291|295|84.21
293|294|25.13