0|27|33.84
0|42|32.45
0|55|51.11
0|63|78.00
0|64|46.98
0|107|79.72
0|115|59.29
0|119|80.27
0|120|93.47
0|128|63.88
0|138|62.01
0|141|32.05
0|148|96.02
0|149|80.32
0|154|50.50
0|181|5.10
0|184|77.63
0|199|77.83
0|211|52.13
0|231|82.17
0|253|77.84
0|261|59.27
0|262|98.89
0|273|93.14
0|274|60.51
0|277|13.76
0|289|61.54
0|295|65.60
0|299|75.64
1|8|84.14
1|23|61.54
1|31|65.10
1|37|83.47
1|46|69.73
1|49|74.83
1|73|33.70
1|75|74.37
1|89|65.86
1|96|86.61
1|98|68.19
1|99|47.96
1|125|97.19
1|130|89.36
1|144|50.53
1|147|99.34
1|151|73.68
1|160|46.18
1|166|28.63
1|176|64.86
1|178|99.82
1|183|84.31
1|187|12.10
1|189|56.53
1|216|80.82
1|220|39.50
1|230|48.92
1|237|61.03
1|244|70.38
1|246|70.54
1|250|65.53
1|254|70.55
1|258|78.00
1|263|75.30
1|264|4.20
1|267|33.87
1|268|80.71
1|288|98.71
1|292|60.09
1|296|98.41
1|298|16.06
2|14|44.82
2|27|76.45
2|42|78.14
2|55|83.48
2|82|44.23
2|83|37.61
2|84|83.61
2|85|65.90
2|104|61.37
2|119|43.22
2|129|85.63
2|138|81.76
2|141|79.18
2|148|25.08
2|158|96.62
2|184|79.35
2|185|31.51
2|193|56.80
2|196|60.94
2|209|15.14
2|211|63.14
2|248|14.43
2|251|4.97
2|261|64.64
2|299|30.20
3|5|99.49
3|15|95.60
3|19|21.45
3|20|95.70
3|21|69.65
3|26|88.70
3|33|20.40
3|36|96.50
3|38|29.53
3|41|76.62
3|43|82.08
3|44|41.48
3|47|93.63
3|48|39.20
3|61|80.19
3|67|93.27
3|69|86.38
3|79|68.13
3|93|97.95
3|103|91.10
3|110|80.92
3|116|39.70
3|118|85.04
3|124|53.43
3|133|66.10
3|146|24.48
3|150|70.89
3|155|75.80
3|157|88.11
3|164|81.97
3|168|62.15
3|174|94.98
3|195|58.08
3|198|61.52
3|203|62.16
3|207|59.41
3|212|56.07
3|213|23.73
3|215|39.22
3|227|21.43
3|228|70.11
3|236|28.10
3|252|42.93
3|255|94.17
3|265|89.68
3|269|87.21
3|290|65.97
4|6|47.96
4|9|72.98
4|12|97.53
4|26|69.39
4|32|8.98
4|38|92.36
4|44|75.67
4|88|99.30
4|90|40.71
4|110|55.60
4|112|4.08
4|114|98.80
4|118|40.33
4|124|98.38
4|142|73.78
4|157|81.24
4|168|78.45
4|171|96.90
4|192|52.11
4|195|52.98
4|200|81.30
4|218|49.42
4|221|85.64
4|222|62.84
4|223|87.29
4|227|92.85
4|228|48.67
4|236|92.67
4|240|55.51
4|249|65.35
4|252|95.93
4|265|26.29
4|269|73.37
4|275|88.49
4|279|97.12
4|280|75.17
4|293|29.20
4|294|48.14
4|297|67.11
5|6|80.62
5|8|90.70
5|17|95.66
5|20|74.70
5|33|83.17
5|34|26.19
5|44|69.77
5|61|66.43
5|79|95.73
5|80|79.44
5|90|70.37
5|93|69.57
5|114|18.43
5|118|67.92
5|124|46.12
5|125|98.40
5|127|65.91
5|136|52.79
5|146|86.41
5|152|28.37
5|159|92.78
5|168|44.13
5|195|88.92
5|198|76.63
5|201|70.86
5|205|83.93
5|206|72.67
5|234|70.94
5|236|73.09
5|252|56.60
5|257|39.16
5|269|33.50
5|270|60.39
5|286|83.21
5|293|85.41
6|22|90.20
6|32|50.72
6|44|86.90
6|90|19.70
6|110|98.51
6|112|45.33
6|114|66.42
6|118|43.64
6|124|94.46
6|142|96.24
6|152|73.68
6|168|74.19
6|192|79.41
6|195|78.41
6|218|96.90
6|221|99.58
6|222|46.65
6|223|92.51
6|226|66.16
6|228|85.74
6|235|95.37
6|252|97.45
6|257|67.77
6|265|68.28
6|269|54.70
6|280|79.43
6|293|19.44
6|294|74.99
6|297|94.64
7|23|72.32
7|31|41.08
7|37|98.18
7|51|2.24
7|62|18.78
7|89|52.03
7|98|59.68
7|99|58.02
7|100|87.17
7|101|41.66
7|143|3.49
7|147|4.60
7|151|29.98
7|166|75.70
7|258|58.57
7|267|82.44
7|291|16.40
7|292|79.11
7|296|42.56
8|15|86.48
8|17|96.50
8|20|60.51
8|34|66.40
8|46|71.52
8|49|99.80
8|61|73.35
8|73|81.37
8|75|21.28
8|80|36.58
8|93|56.09
8|95|85.42
8|96|71.42
8|125|44.15
8|127|47.02
8|136|68.66
8|144|65.24
8|152|98.58
8|176|25.00
8|183|61.11
8|187|79.11
8|198|94.51
8|201|97.94
8|205|96.68
8|206|61.18
8|216|59.60
8|220|73.31
8|230|52.58
8|233|81.54
8|234|38.28
8|237|85.40
8|241|81.38
8|244|70.78
8|246|82.43
8|250|98.81
8|263|21.02
8|264|79.95
8|270|40.72
8|282|56.97
8|286|60.05
8|298|76.37
9|11|98.62
9|26|37.89
9|32|70.96
9|38|97.02
9|67|62.82
9|68|93.65
9|69|70.00
9|71|61.75
9|97|88.26
9|109|36.25
9|110|46.58
9|112|75.58
9|142|88.33
9|145|40.72
9|157|43.20
9|171|26.34
9|190|91.48
9|192|74.96
9|195|83.85
9|200|14.20
9|218|28.34
9|219|37.49
9|228|63.14
9|239|55.51
9|240|23.77
9|249|52.27
9|265|60.51
9|275|60.27
9|279|96.91
9|281|83.15
9|294|75.39
9|297|77.31
10|13|87.77
10|57|87.21
10|60|72.76
10|72|80.01
10|76|66.38
10|78|32.91
10|81|46.08
10|135|76.06
10|153|74.82
10|161|81.68
10|163|84.73
10|194|81.43
10|197|96.32
10|208|76.86
10|245|95.97
10|285|86.92
11|19|79.31
11|24|80.08
11|26|75.58
11|30|97.41
11|38|80.49
11|43|63.93
11|52|38.85
11|59|53.89
11|67|36.77
11|68|7.93
11|69|32.40
11|70|79.47
11|86|89.31
11|97|58.14
11|103|18.60
11|109|91.15
11|110|87.85
11|133|71.65
11|145|59.75
11|150|94.55
11|157|63.77
11|171|79.77
11|203|93.60
11|207|49.90
11|215|61.47
11|219|66.16
11|227|90.45
11|228|98.76
11|239|69.76
11|240|95.97
11|255|77.72
11|281|73.91
12|22|67.77
12|32|88.55
12|57|64.18
12|71|79.69
12|72|81.00
12|88|5.60
12|112|95.28
12|135|29.99
12|142|23.80
12|153|63.57
12|161|90.15
12|163|22.20
12|182|57.60
12|190|58.95
12|192|45.46
12|194|29.98
12|200|96.25
12|221|21.80
12|222|81.21
12|223|37.87
12|245|32.20
12|249|51.30
12|275|49.64
12|279|8.84
12|280|45.29
12|287|96.42
12|294|49.40
12|297|31.63
13|28|55.20
13|57|88.55
13|60|15.84
13|72|69.62
13|76|22.28
13|78|56.47
13|81|45.97
13|153|84.13
13|161|61.50
13|170|21.16
13|188|82.05
13|197|47.92
13|208|30.22
13|238|39.73
13|242|82.44
13|285|39.49
13|287|72.33
14|27|84.93
14|82|7.02
14|83|71.58
14|84|82.10
14|85|97.21
14|104|89.57
14|119|83.17
14|148|68.90
14|184|60.41
14|185|65.27
14|193|91.35
14|209|44.77
14|211|93.44
14|248|59.11
14|251|49.31
14|261|61.74
14|299|51.02
15|18|67.50
15|20|35.28
15|21|62.10
15|33|79.28
15|34|85.70
15|36|59.72
15|41|41.78
15|46|72.86
15|47|56.08
15|48|58.49
15|49|92.92
15|61|40.25
15|74|96.32
15|75|74.72
15|79|27.47
15|80|51.57
15|93|41.88
15|95|37.37
15|111|66.21
15|116|88.40
15|124|87.04
15|146|72.18
15|155|25.08
15|174|64.09
15|176|82.54
15|198|40.11
15|212|80.33
15|213|85.16
15|216|56.52
15|229|44.77
15|230|87.74
15|233|10.28
15|236|96.42
15|244|71.79
15|246|79.75
15|252|89.03
15|256|50.99
15|263|74.07
15|282|33.10
15|284|80.01
15|288|72.29
15|290|37.63
16|39|32.03
16|40|75.18
16|50|76.46
16|53|69.37
16|54|8.23
16|55|86.89
16|56|89.89
16|58|66.44
16|63|56.40
16|64|77.52
16|66|29.40
16|87|58.66
16|91|79.94
16|105|30.30
16|106|34.54
16|107|45.21
16|120|98.54
16|121|65.55
16|122|75.47
16|128|61.16
16|129|79.26
16|131|28.01
16|137|27.15
16|138|81.59
16|156|58.45
16|158|97.25
16|159|98.32
16|167|61.44
16|169|18.70
16|175|21.15
16|177|93.46
16|179|64.82
16|180|70.62
16|199|83.27
16|202|34.06
16|204|92.84
16|210|74.41
16|224|81.18
16|231|43.33
16|235|70.38
16|247|22.05
16|266|96.06
16|271|82.69
16|278|79.00
16|283|76.78
17|34|95.12
17|39|85.11
17|53|46.24
17|58|67.42
17|63|74.41
17|64|95.92
17|91|46.15
17|96|76.04
17|102|19.96
17|114|89.73
17|120|28.10
17|125|59.55
17|127|53.33
17|136|45.98
17|149|79.00
17|152|74.36
17|159|23.42
17|180|63.33
17|183|73.34
17|199|49.17
17|201|29.53
17|202|83.92
17|205|13.92
17|206|37.09
17|234|59.96
17|235|85.79
17|241|38.23
17|257|72.88
17|259|95.02
17|270|64.00
17|273|31.85
17|274|97.71
17|278|36.10
17|283|47.50
17|286|36.54
17|289|58.84
18|21|61.81
18|36|34.56
18|41|53.45
18|46|99.78
18|47|36.39
18|48|92.18
18|74|81.54
18|79|78.16
18|94|95.11
18|95|63.21
18|111|8.62
18|155|63.67
18|164|86.73
18|174|38.22
18|198|97.56
18|212|82.94
18|216|95.12
18|229|39.65
18|233|67.35
18|244|99.31
18|246|98.70
18|256|35.00
18|260|82.68
18|282|89.40
18|284|13.82
18|288|72.69
18|290|67.00
19|21|80.73
19|26|73.66
19|33|41.76
19|38|16.90
19|41|91.68
19|43|68.79
19|44|51.23
19|48|57.27
19|52|90.86
19|59|91.47
19|67|72.79
19|68|84.23
19|69|65.52
19|79|87.90
19|103|70.70
19|110|69.25
19|116|44.03
19|118|90.29
19|124|71.45
19|133|55.36
19|145|95.79
19|146|45.72
19|150|66.84
19|155|93.98
19|157|70.97
19|164|81.92
19|168|75.82
19|195|57.28
19|198|82.74
19|203|59.00
19|207|41.51
19|212|62.49
19|213|33.85
19|215|17.85
19|218|92.37
19|227|18.11
19|228|62.87
19|236|43.56
19|240|92.48
19|252|60.53
19|255|83.09
19|265|84.82
19|269|99.76
19|290|83.05
20|21|87.70
20|33|75.85
20|34|51.59
20|36|92.42
20|41|70.08
20|44|97.52
20|46|78.96
20|47|88.49
20|48|67.90
20|61|16.29
20|75|56.63
20|79|41.02
20|80|24.39
20|93|6.64
20|95|59.46
20|114|92.89
20|124|67.45
20|125|98.93
20|127|82.43
20|136|91.77
20|146|71.43
20|152|97.95
20|155|50.52
20|168|86.39
20|174|96.14
20|176|66.13
20|198|34.94
20|206|98.37
20|213|93.93
20|216|59.63
20|229|75.89
20|230|82.05
20|233|37.13
20|234|78.43
20|236|86.16
20|244|77.80
20|246|89.01
20|252|73.39
20|256|82.73
20|263|55.75
20|269|97.48
20|270|71.33
20|282|31.85
20|288|92.64
20|290|59.74
21|30|90.16
21|33|66.78
21|36|27.53
21|38|96.00
21|41|20.70
21|43|85.70
21|47|25.43
21|48|38.41
21|61|80.97
21|79|47.17
21|93|93.63
21|94|69.60
21|95|88.57
21|111|68.17
21|116|38.78
21|124|98.04
21|133|70.26
21|146|59.17
21|150|51.93
21|155|38.19
21|164|42.77
21|174|25.39
21|198|62.30
21|203|48.02
21|207|88.81
21|212|22.59
21|213|47.44
21|215|91.11
21|227|90.42
21|229|77.28
21|233|70.44
21|236|88.39
21|252|92.75
21|255|85.41
21|256|78.46
21|282|95.19
21|284|64.54
21|290|28.02
22|32|93.97
22|57|61.20
22|65|60.34
22|72|77.59
22|88|63.22
22|108|64.62
22|112|96.81
22|126|89.76
22|135|86.12
22|139|84.64
22|142|63.41
22|153|71.98
22|161|83.79
22|163|72.61
22|172|51.37
22|182|23.55
22|192|70.67
22|194|93.15
22|217|66.86
22|221|48.09
22|222|43.90
22|223|31.02
22|226|50.71
22|243|46.81
22|245|51.41
22|249|98.40
22|279|76.00
22|280|32.59
22|287|72.99
22|293|95.46
22|294|70.26
22|297|72.58
23|31|58.31
23|46|81.04
23|49|61.84
23|51|71.30
23|62|88.86
23|73|93.33
23|74|79.38
23|89|72.44
23|98|13.17
23|99|54.88
23|101|57.63
23|143|75.50
23|147|67.71
23|151|55.78
23|160|98.58
23|166|52.57
23|187|73.42
23|216|99.93
23|230|81.86
23|244|82.19
23|246|72.99
23|254|35.05
23|258|88.77
23|260|84.30
23|264|64.15
23|267|27.68
23|288|88.73
23|291|74.02
23|292|88.68
23|296|45.25
23|298|77.52
24|30|84.98
24|43|84.38
24|52|51.81
24|59|54.31
24|68|82.75
24|70|2.43
24|86|35.32
24|103|75.96
24|255|82.49
25|29|35.99
25|35|23.58
25|40|90.29
25|50|68.43
25|56|80.33
25|66|84.45
25|77|4.80
25|87|58.09
25|92|80.99
25|106|88.29
25|113|97.65
25|117|61.66
25|123|53.05
25|132|3.40
25|134|80.19
25|162|22.30
25|169|95.85
25|173|97.33
25|175|94.21
25|177|40.45
25|179|61.04
25|186|70.30
25|204|48.64
25|210|73.12
25|214|71.10
25|224|34.48
25|225|38.70
25|232|72.11
25|266|48.98
25|271|31.73
25|272|37.62
25|276|20.35
26|32|72.13
26|38|59.41
26|44|79.86
26|67|39.79
26|68|73.17
26|69|43.26
26|71|99.56
26|97|89.08
26|103|84.60
26|109|61.00
26|110|16.84
26|112|73.22
26|118|82.89
26|145|37.32
26|157|11.96
26|171|42.95
26|192|95.16
26|195|54.79
26|200|51.90
26|207|85.83
26|215|66.10
26|218|25.57
26|219|41.69
26|227|67.68
26|228|34.77
26|236|89.34
26|239|65.37
26|240|22.32
26|249|81.82
26|265|45.93
26|275|95.40
26|281|91.51
26|293|94.82
26|294|93.86
27|42|31.89
27|55|56.06
27|64|70.99
27|82|90.72
27|107|96.14
27|115|57.71
27|119|64.18
27|128|80.46
27|138|64.82
27|141|32.68
27|148|74.07
27|154|72.85
27|181|37.78
27|184|47.60
27|209|91.14
27|211|43.04
27|231|97.96
27|248|81.34
27|251|79.20
27|253|99.78
27|261|25.86
27|274|87.95
27|277|42.00
27|289|95.16
27|295|65.74
27|299|46.26
28|60|56.47
28|76|59.25
28|78|92.35
28|81|69.17
28|170|50.87
28|197|17.85
28|208|39.51
28|238|44.86
28|242|32.31
28|285|27.23
29|35|38.87
29|50|77.40
29|56|81.67
29|77|32.21
29|87|89.84
29|117|32.07
29|123|82.85
29|126|82.19
29|132|39.37
29|139|90.02
29|162|35.54
29|173|64.73
29|177|49.40
29|179|78.37
29|186|37.17
29|188|85.96
29|204|54.22
29|210|82.08
29|224|59.26
29|225|54.52
29|232|98.32
29|266|52.29
29|271|58.71
29|272|62.55
29|276|27.29
30|43|38.98
30|52|63.71
30|59|46.84
30|70|82.55
30|94|34.72
30|103|79.54
30|116|78.63
30|133|48.00
30|150|44.19
30|164|47.45
30|174|96.22
30|203|52.63
30|207|70.44
30|212|75.25
30|213|94.22
30|215|96.68
30|255|22.25
31|37|66.55
31|51|42.11
31|62|58.91
31|73|78.92
31|89|16.51
31|98|50.74
31|99|17.56
31|100|65.97
31|101|66.30
31|130|83.62
31|143|44.17
31|147|38.54
31|151|12.08
31|160|70.97
31|166|36.58
31|187|70.76
31|189|67.46
31|191|82.97
31|220|88.97
31|250|94.98
31|254|91.32
31|258|31.53
31|264|69.31
31|267|53.87
31|268|94.34
31|291|55.10
31|292|41.93
31|296|58.89
31|298|74.17
32|38|99.79
32|44|84.55
32|88|90.33
32|90|46.64
32|110|59.71
32|112|7.42
32|118|48.92
32|142|64.80
32|157|84.09
32|168|87.31
32|171|95.91
32|192|43.14
32|195|61.25
32|200|77.92
32|218|50.01
32|221|76.84
32|222|58.21
32|223|79.05
32|226|97.14
32|228|55.09
32|240|55.93
32|249|57.71
32|265|32.36
32|269|81.35
32|275|80.93
32|279|88.19
32|280|67.22
32|293|33.43
32|294|39.16
32|297|58.20
33|34|82.76
33|36|91.30
33|38|46.79
33|41|68.10
33|43|98.90
33|44|38.87
33|47|87.87
33|48|29.57
33|61|60.10
33|79|52.34
33|80|99.03
33|93|77.81
33|110|93.42
33|114|96.71
33|116|47.85
33|118|82.32
33|124|37.54
33|133|81.96
33|146|8.22
33|150|82.15
33|155|62.58
33|164|89.42
33|168|51.58
33|174|90.90
33|195|63.38
33|198|42.47
33|203|73.36
33|207|78.89
33|212|59.70
33|213|31.39
33|215|59.58
33|227|36.71
33|228|79.70
33|233|89.20
33|236|21.73
33|252|28.75
33|265|96.20
33|269|76.50
33|290|55.07
34|44|81.65
34|48|93.01
34|61|47.17
34|75|78.41
34|79|80.16
34|80|53.40
34|90|95.92
34|93|45.73
34|114|42.83
34|118|90.66
34|124|51.28
34|125|82.08
34|127|52.39
34|136|49.13
34|146|83.52
34|152|46.36
34|155|93.83
34|159|98.62
34|168|59.26
34|176|86.91
34|198|62.88
34|201|76.44
34|205|86.04
34|206|64.12
34|233|88.69
34|234|54.45
34|236|79.44
34|252|62.05
34|257|58.30
34|263|77.57
34|269|57.26
34|270|43.61
34|282|78.79
34|286|73.13
34|290|98.61
35|50|91.66
35|77|20.32
35|87|77.05
35|92|83.46
35|117|51.83
35|123|45.11
35|132|24.20
35|134|81.85
35|162|44.23
35|177|63.00
35|179|84.59
35|186|62.82
35|204|70.89
35|210|96.40
35|214|63.72
35|224|57.70
35|225|17.12
35|232|59.46
35|266|70.76
35|271|54.61
35|272|23.92
35|276|11.65
36|41|25.93
36|47|4.10
36|48|61.79
36|61|90.44
36|79|57.35
36|93|98.96
36|94|73.22
36|95|74.69
36|111|41.52
36|116|65.90
36|133|92.71
36|146|83.26
36|150|71.49
36|155|43.49
36|164|56.40
36|174|5.36
36|198|76.16
36|203|70.11
36|212|48.40
36|213|74.85
36|229|57.63
36|233|64.82
36|256|56.91
36|282|90.36
36|284|37.29
36|288|96.39
36|290|40.70
37|45|67.33
37|73|66.86
37|89|50.20
37|99|62.17
37|100|26.88
37|130|18.78
37|143|99.97
37|144|83.71
37|147|97.89
37|151|77.23
37|160|46.43
37|165|50.65
37|166|67.61
37|178|53.26
37|187|78.48
37|189|32.70
37|191|28.55
37|220|74.30
37|237|67.99
37|250|55.78
37|253|92.17
37|258|39.61
37|259|86.05
37|262|71.72
37|264|86.06
37|267|98.90
37|268|40.38
37|292|28.04
37|298|78.68
38|43|82.21
38|44|41.95
38|48|68.64
38|52|98.73
38|67|66.08
38|68|84.03
38|69|60.19
38|79|97.46
38|103|75.64
38|110|53.18
38|112|96.22
38|116|60.47
38|118|76.28
38|124|68.21
38|133|70.41
38|145|85.76
38|146|52.92
38|150|83.45
38|157|58.60
38|164|98.81
38|168|67.89
38|171|99.29
38|195|41.62
38|198|89.25
38|203|75.76
38|207|52.24
38|212|78.81
38|213|48.57
38|215|23.99
38|218|76.33
38|219|92.95
38|227|10.61
38|228|45.97
38|236|40.12
38|240|76.87
38|252|57.43
38|255|97.42
38|265|67.96
38|269|90.09
38|290|95.29
39|40|97.11
39|42|95.44
39|53|38.90
39|54|37.90
39|55|76.72
39|58|52.08
39|63|26.60
39|64|55.38
39|66|61.40
39|87|89.89
39|91|57.73
39|102|72.86
39|105|53.23
39|106|62.72
39|107|35.64
39|120|66.81
39|121|82.74
39|122|93.09
39|128|47.20
39|129|91.05
39|131|48.85
39|137|35.30
39|138|75.45
39|141|94.38
39|156|78.59
39|159|71.60
39|167|72.54
39|169|50.06
39|175|52.51
39|179|95.27
39|180|54.71
39|181|97.10
39|199|51.33
39|201|93.07
39|202|22.74
39|205|87.12
39|211|98.60
39|231|35.86
39|235|65.02
39|247|21.47
39|273|87.49
39|277|88.53
39|278|49.01
39|283|54.42
39|289|73.21
40|54|66.99
40|55|86.16
40|66|64.94
40|77|94.56
40|87|47.55
40|92|33.10
40|105|45.32
40|106|43.03
40|107|75.77
40|113|30.63
40|119|80.26
40|122|14.67
40|123|70.68
40|128|83.97
40|129|31.98
40|131|48.90
40|132|86.98
40|134|36.11
40|137|62.33
40|138|75.32
40|148|89.01
40|158|23.91
40|162|97.29
40|169|61.01
40|175|72.14
40|179|87.65
40|193|95.63
40|196|62.97
40|211|93.39
40|214|66.38
40|224|77.70
40|231|73.17
40|232|82.61
40|247|75.70
40|248|99.13
40|271|75.22
40|272|85.92
41|47|21.90
41|48|38.75
41|61|65.90
41|79|32.04
41|80|91.20
41|93|76.36
41|94|88.08
41|95|68.41
41|111|57.75
41|116|54.37
41|124|93.03
41|133|89.81
41|146|59.90
41|150|72.47
41|155|19.56
41|164|63.16
41|174|27.94
41|198|50.37
41|203|68.04
41|212|41.51
41|213|57.94
41|216|95.47
41|227|98.05
41|229|59.46
41|233|49.81
41|236|89.54
41|252|89.94
41|256|61.77
41|282|74.77
41|284|60.43
41|288|97.54
41|290|14.82
42|55|24.42
42|63|77.06
42|64|44.19
42|105|98.76
42|107|64.65
42|115|83.32
42|119|48.24
42|122|94.31
42|128|49.31
42|129|77.89
42|131|95.36
42|137|84.02
42|138|34.05
42|141|1.17
42|148|65.46
42|154|82.89
42|181|32.00
42|184|77.90
42|196|99.81
42|199|88.62
42|209|93.14
42|211|19.74
42|231|66.34
42|247|88.41
42|248|77.22
42|251|79.01
42|261|53.38
42|274|92.42
42|277|28.22
42|289|80.52
42|295|90.81
42|299|52.40
43|48|93.46
43|52|41.06
43|59|30.37
43|67|89.24
43|68|71.85
43|69|80.87
43|70|82.26
43|94|62.22
43|103|45.33
43|116|58.34
43|133|17.71
43|146|97.71
43|150|34.69
43|164|51.73
43|203|37.77
43|207|31.79
43|212|64.54
43|213|69.76
43|215|59.25
43|227|86.81
43|255|16.73
44|48|68.39
44|61|81.44
44|69|97.57
44|79|86.68
44|90|67.24
44|93|96.95
44|110|65.76
44|112|78.58
44|114|76.75
44|116|80.80
44|118|44.18
44|124|32.13
44|146|46.91
44|152|92.30
44|155|98.96
44|157|84.91
44|168|26.02
44|195|28.45
44|198|71.43
44|207|92.33
44|212|95.86
44|213|64.17
44|215|65.20
44|218|84.66
44|227|33.87
44|228|48.56
44|236|17.15
44|240|88.08
44|252|24.14
44|257|98.49
44|265|60.13
44|269|48.64
44|290|93.02
44|293|75.47
45|100|78.45
45|115|69.17
45|130|51.19
45|149|83.89
45|154|66.63
45|160|90.01
45|165|29.24
45|178|41.10
45|189|80.33
45|191|61.46
45|237|89.24
45|250|77.22
45|253|48.45
45|259|71.26
45|262|41.10
45|268|56.35
45|274|72.01
45|292|93.70
45|295|61.39
46|49|29.38
46|61|94.63
46|73|94.32
46|74|54.40
46|75|50.29
46|79|99.82
46|80|66.53
46|93|81.02
46|95|41.31
46|98|94.09
46|111|92.49
46|144|96.24
46|155|96.92
46|166|92.07
46|176|48.51
46|187|75.83
46|216|19.34
46|220|93.54
46|229|60.67
46|230|28.37
46|233|62.64
46|244|1.17
46|246|11.36
46|254|55.01
46|256|64.79
46|260|68.30
46|263|50.66
46|264|67.16
46|267|69.17
46|282|47.66
46|288|35.10
46|298|76.86
47|48|58.32
47|61|86.36
47|79|53.25
47|93|95.01
47|94|75.76
47|95|72.48
47|111|42.82
47|116|64.14
47|133|92.48
47|146|79.80
47|150|71.73
47|155|39.40
47|164|57.44
47|174|8.08
47|198|72.08
47|203|69.85
47|212|47.09
47|213|72.36
47|229|56.44
47|233|61.49
47|256|56.21
47|282|87.08
47|284|40.31
47|288|95.40
47|290|36.70
48|61|55.56
48|79|31.60
48|80|92.28
48|93|72.15
48|95|94.60
48|111|96.40
48|116|35.21
48|124|59.90
48|133|75.77
48|146|21.48
48|150|67.78
48|155|36.81
48|164|69.20
48|168|77.93
48|174|61.61
48|195|92.48
48|198|34.08
48|203|59.89
48|207|82.75
48|212|37.94
48|213|27.10
48|215|72.81
48|227|60.43
48|229|93.06
48|233|68.77
48|236|51.24
48|252|54.34
48|255|99.82
48|256|96.85
48|282|87.60
48|284|98.43
48|290|26.84
49|74|31.53
49|75|78.85
49|80|95.49
49|95|56.21
49|98|74.85
49|111|91.94
49|166|89.30
49|176|75.69
49|187|84.35
49|216|47.45
49|229|66.14
49|230|50.61
49|233|82.78
49|244|30.38
49|246|18.03
49|254|29.36
49|256|67.35
49|260|44.31
49|263|79.30
49|264|73.78
49|267|60.13
49|282|73.89
49|288|27.73
49|298|86.70
50|54|75.86
50|56|18.42
50|65|94.56
50|66|52.97
50|77|71.35
50|87|58.48
50|105|85.14
50|106|73.80
50|108|77.29
50|121|44.50
50|126|69.47
50|131|87.78
50|132|68.80
50|137|98.94
50|139|77.51
50|156|38.19
50|162|47.97
50|167|59.89
50|169|66.76
50|172|69.65
50|173|98.03
50|175|56.26
50|177|29.41
50|179|18.05
50|202|92.19
50|204|23.19
50|210|4.82
50|217|87.24
50|224|39.64
50|226|97.55
50|235|94.14
50|243|91.49
50|247|98.31
50|266|25.22
50|271|43.89
50|276|84.85
51|62|18.76
51|89|53.54
51|98|58.56
51|99|58.84
51|100|89.30
51|101|39.46
51|143|4.24
51|147|4.07
51|151|30.75
51|166|76.26
51|258|60.46
51|267|82.14
51|291|14.45
51|292|80.67
51|296|40.57
52|59|16.95
52|67|74.54
52|68|45.18
52|69|68.49
52|70|50.30
52|86|74.81
52|94|96.03
52|97|87.08
52|103|26.76
52|116|95.77
52|133|56.43
52|145|98.60
52|150|75.74
52|157|99.86
52|164|92.17
52|203|78.39
52|207|50.04
52|215|75.21
52|255|48.36
53|54|76.17
53|55|95.53
53|58|43.00
53|63|32.65
53|64|62.83
53|66|97.88
53|91|32.48
53|102|35.15
53|105|92.00
53|107|64.76
53|120|30.76
53|127|98.90
53|128|68.49
53|131|87.51
53|136|86.89
53|137|72.72
53|138|98.41
53|149|95.90
53|159|35.76
53|167|87.23
53|169|87.99
53|175|88.04
53|180|41.90
53|181|96.25
53|199|26.04
53|201|58.09
53|202|41.88
53|205|49.46
53|206|82.85
53|231|66.38
53|235|63.25
53|241|74.16
53|247|59.61
53|257|94.92
53|273|52.46
53|277|89.76
53|278|10.24
53|283|30.12
53|286|82.70
53|289|50.82
54|55|84.34
54|56|90.48
54|58|74.67
54|63|60.48
54|64|78.46
54|66|25.32
54|87|52.00
54|91|88.00
54|92|96.83
54|105|22.37
54|106|26.48
54|107|44.37
54|113|97.62
54|121|69.82
54|122|67.63
54|128|60.40
54|129|72.20
54|131|20.59
54|134|99.44
54|137|23.81
54|138|78.18
54|156|62.00
54|158|89.20
54|167|67.31
54|169|12.30
54|175|19.62
54|177|90.49
54|179|62.69
54|180|78.85
54|199|88.49
54|202|42.20
54|204|90.57
54|210|74.30
54|224|76.61
54|231|42.12
54|235|78.27
54|247|23.34
54|266|93.87
54|271|77.78
54|278|85.98
54|283|84.82
55|63|63.32
55|64|35.60
55|105|74.39
55|106|87.56
55|107|42.96
55|119|43.72
55|122|72.63
55|128|29.59
55|129|57.33
55|131|71.08
55|137|60.53
55|138|10.92
55|141|23.84
55|148|64.35
55|158|89.15
55|169|91.87
55|181|48.61
55|196|88.65
55|199|82.25
55|202|99.30
55|209|97.37
55|211|21.93
55|231|44.15
55|247|66.46
55|248|78.25
55|251|82.87
55|261|75.38
55|277|41.09
55|289|81.35
55|299|64.35
56|65|76.56
56|66|69.31
56|77|82.47
56|87|76.89
56|106|91.21
56|108|59.26
56|121|43.07
56|126|54.12
56|132|81.31
56|139|61.46
56|156|40.64
56|162|58.36
56|167|59.66
56|169|82.55
56|172|52.10
56|173|88.93
56|175|70.99
56|177|39.89
56|179|36.45
56|188|94.79
56|204|31.71
56|210|17.30
56|217|69.54
56|224|55.81
56|226|84.85
56|235|94.32
56|243|73.08
56|266|31.83
56|271|60.01
56|276|94.25
57|60|86.14
57|65|57.66
57|72|18.95
57|76|84.90
57|78|68.84
57|81|90.01
57|88|58.98
57|108|74.07
57|126|92.01
57|135|57.23
57|139|83.25
57|142|80.10
57|153|12.46
57|161|27.59
57|163|48.76
57|172|88.20
57|182|37.77
57|188|96.69
57|192|99.49
57|194|69.12
57|217|66.32
57|221|62.73
57|223|58.85
57|243|59.36
57|245|32.66
57|279|71.79
57|280|71.69
57|287|33.33
57|297|90.92
58|63|66.14
58|64|99.51
58|66|87.13
58|91|21.36
58|102|68.40
58|105|96.24
58|107|87.63
58|114|97.73
58|120|68.14
58|121|67.12
58|128|97.63
58|131|93.11
58|136|88.98
58|137|84.31
58|152|84.97
58|156|69.64
58|159|44.57
58|167|50.76
58|169|83.04
58|175|76.70
58|180|4.83
58|199|69.04
58|201|57.78
58|202|33.43
58|205|60.73
58|206|95.07
58|226|89.76
58|231|87.94
58|235|20.58
58|247|70.75
58|257|74.73
58|273|88.28
58|278|44.33
58|283|19.99
58|286|99.72
58|289|93.62
59|67|87.83
59|68|60.85
59|69|80.95
59|70|52.27
59|86|83.20
59|94|79.70
59|103|38.51
59|116|88.40
59|133|47.75
59|150|63.81
59|164|78.60
59|203|67.91
59|207|50.06
59|212|94.78
59|213|98.68
59|215|77.86
59|255|33.18
60|72|67.74
60|76|6.51
60|78|42.66
60|81|30.14
60|153|79.68
60|161|60.89
60|170|36.04
60|188|95.47
60|197|44.53
60|208|21.38
60|238|52.84
60|242|78.90
60|285|34.11
60|287|75.94
61|75|72.00
61|79|34.13
61|80|38.98
61|93|17.77
61|95|71.35
61|114|84.85
61|116|90.76
61|124|52.04
61|127|87.61
61|136|92.94
61|146|56.22
61|152|92.21
61|155|46.97
61|168|71.70
61|174|93.44
61|176|81.60
61|198|21.48
61|212|90.87
61|213|80.34
61|216|75.36
61|227|95.69
61|229|84.42
61|230|98.33
61|233|45.70
61|234|85.16
61|236|69.87
61|244|93.47
61|252|57.36
61|256|90.92
61|263|71.10
61|269|85.10
61|270|76.58
61|282|47.07
61|290|53.27
62|89|67.90
62|98|75.86
62|99|76.20
62|100|95.64
62|101|47.35
62|143|15.32
62|147|22.83
62|151|48.40
62|166|94.25
62|258|71.44
62|291|17.42
62|292|94.28
62|296|52.72
63|64|33.39
63|66|85.45
63|91|62.93
63|102|57.77
63|105|69.71
63|106|81.76
63|107|34.08
63|120|50.10
63|128|35.84
63|129|94.64
63|131|64.83
63|137|48.05
63|138|65.77
63|141|75.92
63|149|98.93
63|159|68.18
63|167|97.23
63|169|72.70
63|175|77.51
63|180|67.04
63|181|72.92
63|199|29.94
63|201|90.48
63|202|45.94
63|205|80.51
63|211|84.74
63|231|36.22
63|235|83.47
63|241|92.74
63|247|38.23
63|273|68.00
63|274|99.23
63|277|64.90
63|278|41.69
63|283|60.02
63|289|48.01
64|91|94.86
64|102|76.48
64|105|78.33
64|106|92.11
64|107|35.65
64|119|79.31
64|120|68.09
64|122|94.98
64|128|22.32
64|129|83.33
64|131|73.73
64|137|57.71
64|138|42.25
64|141|43.03
64|148|99.85
64|149|92.36
64|154|84.34
64|159|95.94
64|169|89.28
64|175|97.82
64|181|42.09
64|199|46.81
64|202|77.37
64|211|54.73
64|231|38.44
64|247|55.59
64|261|95.69
64|273|78.58
64|274|84.15
64|277|33.28
64|278|69.82
64|283|92.16
64|289|47.47
64|299|95.38
65|72|59.03
65|108|17.30
65|126|35.62
65|139|27.76
65|153|68.91
65|161|58.13
65|172|44.59
65|173|73.01
65|182|53.10
65|188|58.80
65|204|96.39
65|210|93.86
65|217|8.96
65|221|96.56
65|223|82.95
65|226|86.42
65|243|15.64
65|245|78.50
65|266|94.07
65|280|90.31
65|287|36.25
66|77|89.08
66|87|32.44
66|92|88.79
66|105|32.65
66|106|23.78
66|107|68.45
66|113|94.05
66|121|59.53
66|122|70.93
66|128|84.26
66|129|80.80
66|131|34.89
66|132|82.60
66|134|90.92
66|137|46.58
66|138|98.08
66|156|50.05
66|158|88.82
66|162|75.12
66|167|63.22
66|169|14.17
66|175|10.51
66|177|65.22
66|179|38.08
66|180|91.80
66|202|58.94
66|204|65.63
66|210|52.27
66|224|51.78
66|231|65.96
66|235|84.79
66|247|48.65
66|266|68.95
66|271|53.32
67|68|33.50
67|69|8.78
67|97|58.93
67|103|49.34
67|109|63.08
67|110|53.99
67|133|90.54
67|145|27.96
67|157|27.84
67|171|47.86
67|195|83.58
67|200|73.11
67|207|63.62
67|215|57.45
67|218|64.03
67|219|35.74
67|227|76.65
67|228|68.00
67|239|50.10
67|240|59.30
67|265|84.44
67|281|67.79
68|69|30.95
68|70|82.35
68|86|88.79
68|97|50.45
68|103|26.52
68|109|84.22
68|110|86.49
68|133|79.45
68|145|53.94
68|157|61.22
68|171|73.63
68|207|57.08
68|215|66.44
68|218|97.51
68|219|59.92
68|227|94.25
68|228|98.62
68|239|62.18
68|240|92.67
68|255|85.54
68|281|66.03
69|97|64.32
69|103|42.50
69|109|71.84
69|110|55.65
69|133|81.81
69|145|36.67
69|157|31.58
69|171|56.40
69|195|81.67
69|200|80.89
69|207|54.85
69|213|96.62
69|215|49.56
69|218|68.44
69|219|44.48
69|227|70.80
69|228|67.81
69|236|99.86
69|239|58.41
69|240|64.19
69|255|97.04
69|265|85.95
69|281|74.59
70|86|37.70
70|103|74.82
70|133|99.87
70|207|99.74
70|255|80.17
71|88|85.26
71|109|56.84
71|135|85.14
71|142|80.10
71|145|88.98
71|163|91.22
71|171|68.73
71|190|36.24
71|192|82.70
71|194|73.18
71|200|47.66
71|218|85.85
71|219|81.77
71|221|95.32
71|239|82.28
71|240|83.32
71|249|53.07
71|275|33.99
71|279|70.90
71|281|99.55
71|294|86.16
71|297|72.86
72|76|66.94
72|78|56.07
72|81|74.55
72|88|76.09
72|108|76.32
72|126|89.78
72|135|68.94
72|139|80.73
72|142|98.38
72|153|18.22
72|161|9.15
72|163|63.13
72|170|84.73
72|172|96.65
72|182|54.82
72|188|85.89
72|194|81.07
72|208|88.34
72|217|66.58
72|221|81.39
72|223|77.75
72|243|65.38
72|245|50.66
72|279|88.00
72|280|90.51
72|287|25.34
73|75|80.24
73|89|72.26
73|96|57.56
73|98|97.93
73|99|62.04
73|100|91.07
73|125|78.02
73|130|66.11
73|144|23.48
73|149|92.32
73|151|90.11
73|160|20.63
73|165|78.28
73|166|46.98
73|176|71.00
73|178|68.45
73|183|58.13
73|187|22.01
73|189|34.39
73|191|95.21
73|220|10.14
73|230|67.88
73|237|27.48
73|241|95.72
73|244|94.67
73|246|98.03
73|250|32.49
73|253|99.30
73|258|78.24
73|259|69.58
73|262|81.38
73|263|81.10
73|264|33.02
73|267|66.21
73|268|50.83
73|292|53.54
73|298|19.01
74|95|60.00
74|98|90.88
74|111|72.93
74|216|67.46
74|229|57.36
74|230|80.26
74|233|87.40
74|244|55.00
74|246|44.53
74|254|44.76
74|256|55.18
74|260|13.91
74|267|86.32
74|282|87.69
74|284|90.66
74|288|25.60
75|79|93.92
75|80|33.17
75|93|54.31
75|95|66.79
75|96|84.94
75|125|63.38
75|127|68.02
75|136|88.93
75|144|69.64
75|155|98.57
75|176|9.65
75|183|75.34
75|187|72.27
75|198|91.52
75|206|82.45
75|216|38.80
75|220|74.18
75|229|91.02
75|230|34.11
75|233|67.92
75|234|59.43
75|237|90.92
75|244|49.53
75|246|61.30
75|254|99.67
75|256|97.40
75|263|0.92
75|264|70.24
75|267|94.13
75|270|60.85
75|282|42.31
75|286|81.20
75|288|82.03
75|298|70.48
76|78|36.84
76|81|23.77
76|153|77.64
76|161|60.75
76|170|42.53
76|197|45.80
76|208|21.47
76|238|59.02
76|242|79.42
76|285|34.94
76|287|77.27
77|87|62.89
77|92|84.18
77|106|93.09
77|117|56.98
77|123|54.13
77|132|7.70
77|134|83.26
77|162|24.11
77|173|94.72
77|175|98.79
77|177|42.77
77|179|64.81
77|186|65.79
77|204|50.77
77|210|76.09
77|214|72.51
77|224|38.72
77|225|36.38
77|232|72.44
77|266|50.82
77|271|36.16
77|272|37.14
77|276|15.72
78|81|25.07
78|135|81.18
78|153|57.88
78|161|54.88
78|163|85.08
78|170|77.63
78|194|90.32
78|197|76.16
78|208|52.90
78|238|95.40
78|245|88.07
78|285|65.44
78|287|76.77
79|80|64.46
79|93|46.66
79|95|64.58
79|111|79.79
79|116|64.15
79|124|66.32
79|146|44.95
79|150|92.49
79|155|14.64
79|164|88.39
79|168|87.14
79|174|59.89
79|198|19.49
79|203|85.84
79|212|59.86
79|213|58.65
79|216|82.61
79|227|88.17
79|229|67.46
79|233|37.69
79|236|70.78
79|244|98.73
79|252|65.94
79|256|72.54
79|263|93.13
79|282|56.20
79|284|88.06
79|288|99.08
79|290|19.22
80|93|21.22
80|95|61.13
80|114|96.09
80|124|85.09
80|125|77.46
80|127|66.65
80|136|81.12
80|144|99.86
80|146|95.17
80|152|97.26
80|155|72.00
80|176|42.81
80|183|97.44
80|198|59.18
80|206|82.90
80|216|48.12
80|229|82.67
80|230|62.48
80|233|48.60
80|234|60.76
80|244|65.44
80|246|77.64
80|252|92.75
80|256|89.66
80|263|32.26
80|270|56.15
80|282|28.70
80|286|85.98
80|288|88.70
80|290|82.46
81|153|80.21
81|161|70.84
81|170|65.52
81|197|52.20
81|208|30.87
81|238|80.35
81|242|80.23
81|285|41.94
81|287|90.82
82|83|67.66
82|84|75.11
82|85|92.42
82|104|84.49
82|119|84.60
82|148|69.00
82|184|67.42
82|185|61.52
82|193|87.12
82|209|41.84
82|211|96.82
82|248|58.10
82|251|48.35
82|261|68.09
82|299|54.53
83|84|64.65
83|85|28.31
83|104|24.31
83|113|85.52
83|119|61.14
83|122|93.36
83|129|83.99
83|138|99.43
83|140|77.13
83|148|41.44
83|158|81.48
83|185|6.52
83|193|20.08
83|196|40.52
83|209|27.82
83|211|88.53
83|248|30.49
83|251|33.56
83|299|66.41
84|85|64.25
84|104|55.58
84|140|26.17
84|185|64.74
84|193|69.22
84|209|68.63
84|248|86.83
84|251|82.96
85|92|92.62
85|104|9.48
85|113|78.33
85|119|82.91
85|122|96.48
85|129|91.92
85|134|92.82
85|140|66.49
85|148|65.74
85|158|78.92
85|185|34.64
85|193|11.13
85|196|42.72
85|209|55.49
85|248|57.47
85|251|61.73
85|299|94.17
86|97|89.00
86|103|92.45
87|92|61.68
87|105|43.90
87|106|30.20
87|107|86.70
87|113|71.09
87|121|83.77
87|122|59.11
87|123|71.09
87|129|74.12
87|131|48.56
87|132|55.55
87|134|63.25
87|137|65.23
87|156|73.96
87|158|69.90
87|162|56.09
87|167|91.47
87|169|40.01
87|175|42.92
87|177|54.43
87|179|40.52
87|202|90.80
87|204|58.93
87|210|60.48
87|214|79.04
87|224|33.08
87|225|85.12
87|231|83.87
87|232|90.90
87|247|72.83
87|266|62.06
87|271|31.99
87|272|74.07
87|276|78.04
88|112|96.86
88|135|29.93
88|142|25.70
88|153|58.90
88|161|85.24
88|163|19.93
88|182|52.19
88|190|63.82
88|192|47.54
88|194|32.10
88|221|19.18
88|222|79.19
88|223|34.03
88|243|96.40
88|245|26.76
88|249|55.98
88|275|55.19
88|279|14.38
88|280|42.66
88|287|91.02
88|294|51.23
88|297|34.76
89|98|66.18
89|99|20.70
89|100|50.39
89|101|82.05
89|130|67.61
89|143|54.59
89|144|95.53
89|147|50.58
89|151|27.15
89|160|60.68
89|165|98.83
89|166|38.11
89|178|98.15
89|187|68.76
89|189|54.74
89|191|66.87
89|220|82.38
89|237|90.10
89|250|83.41
89|258|16.40
89|264|69.91
89|267|63.03
89|268|80.14
89|291|67.57
89|292|27.22
89|296|75.19
89|298|71.53
90|110|83.75
90|112|39.63
90|114|59.65
90|118|24.07
90|124|76.76
90|152|70.49
90|168|56.04
90|192|83.88
90|195|59.66
90|218|85.91
90|222|63.05
90|226|85.86
90|227|96.30
90|228|69.23
90|236|83.21
90|240|91.91
90|252|78.81
90|257|67.70
90|265|54.72
90|269|39.94
90|280|91.93
90|293|15.04
90|294|79.41
90|297|99.59
91|102|49.11
91|107|90.94
91|114|88.41
91|120|50.35
91|121|88.48
91|127|88.55
91|128|97.84
91|136|70.41
91|137|92.74
91|152|74.00
91|156|90.88
91|159|23.22
91|167|72.09
91|169|97.91
91|175|93.52
91|180|17.18
91|199|56.52
91|201|38.70
91|202|45.97
91|205|39.59
91|206|74.45
91|231|91.91
91|234|97.08
91|235|40.01
91|241|83.53
91|247|78.78
91|257|65.62
91|270|96.99
91|273|69.00
91|278|29.10
91|283|3.31
91|286|78.60
91|289|79.37
92|105|76.54
92|106|70.86
92|113|17.39
92|119|99.15
92|122|43.22
92|123|43.97
92|129|57.79
92|131|80.63
92|132|77.63
92|134|3.06
92|137|95.07
92|158|28.14
92|162|95.02
92|169|88.73
92|175|97.81
92|193|88.95
92|196|62.97
92|214|34.69
92|224|81.95
92|225|78.55
92|232|51.17
92|271|78.27
92|272|63.58
92|276|92.13
93|95|64.44
93|114|87.59
93|124|66.07
93|125|93.21
93|127|75.94
93|136|85.14
93|146|73.99
93|152|92.07
93|155|56.80
93|168|84.18
93|176|63.94
93|198|38.46
93|206|91.83
93|213|97.64
93|216|61.71
93|229|81.80
93|230|81.81
93|233|43.31
93|234|72.12
93|236|86.56
93|244|79.87
93|246|91.43
93|252|72.85
93|256|88.70
93|263|53.41
93|269|93.75
93|270|64.83
93|282|35.08
93|286|97.03
93|288|96.83
93|290|65.62
94|116|74.05
94|133|61.53
94|150|43.84
94|164|31.91
94|174|67.95
94|203|51.80
94|207|88.54
94|212|62.82
94|213|90.93
94|255|48.47
94|284|86.51
94|290|97.62
95|111|57.40
95|155|58.40
95|174|80.01
95|176|70.97
95|198|76.78
95|216|32.14
95|229|24.25
95|230|64.24
95|233|27.74
95|244|40.48
95|246|45.21
95|254|85.51
95|256|30.65
95|260|71.23
95|263|66.55
95|282|32.44
95|284|76.98
95|288|35.18
95|290|70.52
96|102|77.27
96|120|81.48
96|125|37.26
96|127|69.41
96|130|90.89
96|136|87.43
96|144|36.11
96|149|46.44
96|154|89.80
96|159|99.46
96|160|65.65
96|165|80.37
96|176|79.99
96|178|67.62
96|183|10.51
96|187|74.82
96|189|74.72
96|199|97.29
96|201|98.02
96|205|86.24
96|206|66.55
96|220|48.46
96|230|95.57
96|234|65.07
96|237|36.46
96|241|38.69
96|250|46.77
96|253|72.97
96|259|37.30
96|262|66.26
96|263|85.36
96|264|84.14
96|268|65.08
96|270|75.97
96|273|60.18
96|274|70.96
96|286|55.88
96|289|83.15
96|298|70.68
97|103|76.23
97|109|60.56
97|145|52.91
97|157|79.21
97|171|61.97
97|200|89.47
97|219|52.11
97|239|34.11
97|240|99.76
97|281|17.66
98|99|51.17
98|101|45.52
98|143|62.78
98|147|55.08
98|151|46.04
98|166|53.63
98|187|79.53
98|230|93.66
98|244|95.24
98|246|86.15
98|254|47.34
98|258|82.11
98|260|94.70
98|264|71.32
98|267|35.54
98|291|60.85
98|292|85.67
98|296|33.03
98|298|83.71
99|100|68.71
99|101|77.66
99|130|76.97
99|143|61.24
99|144|85.40
99|147|55.07
99|151|28.09
99|160|56.23
99|166|19.33
99|187|53.21
99|189|55.14
99|191|83.65
99|220|72.00
99|230|94.31
99|237|84.51
99|250|80.81
99|254|84.18
99|258|36.45
99|264|52.14
99|267|42.45
99|268|83.30
99|291|71.03
99|292|34.50
99|296|68.32
99|298|56.62
100|130|41.65
100|143|88.12
100|147|88.10
100|151|73.78
100|160|71.38
100|165|70.49
100|166|80.37
100|178|76.26
100|187|99.27
100|189|58.13
100|191|18.34
100|220|99.35
100|237|94.73
100|250|82.66
100|258|34.44
100|262|93.58
100|268|66.38
100|292|41.84
101|143|42.55
101|147|39.05
101|151|54.89
101|166|89.12
101|254|86.06
101|258|93.63
101|267|80.06
101|291|30.16
101|296|12.48
102|107|91.77
102|120|8.39
102|125|70.29
102|127|71.04
102|128|90.32
102|136|65.86
102|149|68.30
102|152|93.14
102|154|98.83
102|159|31.99
102|180|65.26
102|181|96.41
102|183|77.28
102|199|30.16
102|201|47.02
102|202|76.63
102|205|31.93
102|206|54.92
102|231|93.99
102|234|76.62
102|235|88.54
102|241|39.05
102|247|92.25
102|257|90.51
102|259|88.20
102|270|82.04
102|273|19.93
102|274|83.38
102|277|92.74
102|278|26.91
102|283|49.12
102|286|51.69
102|289|39.45
103|110|94.36
103|116|86.65
103|133|53.76
103|145|75.30
103|150|76.47
103|157|73.47
103|164|95.24
103|171|95.59
103|203|76.07
103|207|34.90
103|212|99.56
103|213|90.52
103|215|53.49
103|219|82.29
103|227|84.60
103|239|87.94
103|255|59.33
103|281|92.35
104|113|86.73
104|119|83.28
104|129|97.14
104|140|60.18
104|148|64.72
104|158|86.49
104|185|29.91
104|193|14.62
104|196|48.40
104|209|49.56
104|248|54.73
104|251|57.60
104|299|90.64
105|106|13.87
105|107|42.82
105|113|75.85
105|119|92.07
105|121|88.58
105|122|45.27
105|128|56.99
105|129|50.85
105|131|4.90
105|132|99.33
105|134|79.32
105|137|21.97
105|138|66.13
105|141|98.10
105|156|79.85
105|158|66.96
105|162|98.67
105|167|88.21
105|169|21.10
105|175|34.22
105|177|92.94
105|179|68.99
105|196|98.69
105|199|99.49
105|202|63.11
105|204|95.02
105|210|84.76
105|211|91.05
105|224|74.78
105|231|39.98
105|247|32.65
105|266|98.37
105|271|74.71
106|107|56.52
106|113|73.27
106|121|82.96
106|122|47.42
106|123|94.18
106|128|70.86
106|129|57.09
106|131|18.39
106|132|85.74
106|134|73.38
106|137|35.08
106|138|78.87
106|156|73.64
106|158|66.53
106|162|84.83
106|167|85.13
106|169|18.11
106|175|29.33
106|177|79.56
106|179|56.90
106|202|68.59
106|204|82.03
106|210|73.92
106|214|97.53
106|224|60.97
106|231|53.70
106|247|43.75
106|266|85.37
106|271|60.85
107|119|78.22
107|120|83.95
107|122|67.44
107|128|16.05
107|129|60.66
107|131|38.14
107|137|22.16
107|138|40.13
107|141|63.72
107|148|98.55
107|158|89.90
107|169|54.29
107|175|63.99
107|180|90.04
107|181|75.31
107|199|62.95
107|202|57.39
107|211|64.33
107|231|2.87
107|247|23.77
107|277|66.15
107|278|74.58
107|283|87.71
107|289|75.33
108|121|84.94
108|126|25.14
108|139|20.91
108|153|85.66
108|156|88.75
108|161|75.35
108|167|98.38
108|172|33.31
108|173|70.21
108|177|87.64
108|179|95.23
108|182|63.39
108|188|60.97
108|204|80.06
108|210|76.56
108|217|11.54
108|223|91.30
108|226|79.60
108|243|19.02
108|245|91.98
108|266|77.91
108|280|96.64
108|287|53.33
109|110|75.34
109|145|35.27
109|157|59.00
109|171|18.33
109|190|92.85
109|200|31.26
109|218|62.85
109|219|27.38
109|228|93.57
109|239|26.83
109|240|57.24
109|249|76.95
109|265|95.39
109|275|74.16
109|281|50.81
110|112|59.59
110|118|66.06
110|124|97.70
110|145|54.14
110|157|27.18
110|168|85.39
110|171|57.93
110|192|88.83
110|195|39.12
110|200|60.64
110|207|89.54
110|215|65.81
110|218|23.16
110|219|58.21
110|227|59.49
110|228|18.41
110|236|77.06
110|239|81.95
110|240|24.15
110|249|80.96
110|252|89.72
110|265|30.46
110|269|96.41
110|275|97.86
110|293|79.28
110|294|86.83
110|297|98.55
111|155|65.65
111|164|94.99
111|174|45.62
111|198|98.92
111|212|89.83
111|216|88.89
111|229|33.30
111|233|64.76
111|244|92.07
111|246|90.91
111|256|27.88
111|260|74.26
111|282|85.33
111|284|20.45
111|288|64.44
111|290|70.45
112|114|98.47
112|118|41.67
112|142|71.48
112|157|85.09
112|168|80.26
112|171|99.87
112|192|50.00
112|195|56.54
112|200|83.40
112|218|52.76
112|221|82.75
112|222|58.76
112|223|83.89
112|226|96.09
112|227|96.54
112|228|52.72
112|236|95.63
112|240|58.82
112|249|65.08
112|252|98.35
112|265|30.37
112|269|73.92
112|275|88.29
112|279|95.18
112|280|71.63
112|293|27.11
112|294|45.90
112|297|65.26
113|119|82.98
113|122|34.79
113|123|60.68
113|129|45.75
113|131|79.24
113|132|94.27
113|134|19.28
113|137|91.59
113|138|91.93
113|148|84.37
113|158|13.54
113|169|91.36
113|185|89.83
113|193|73.54
113|196|45.83
113|214|48.87
113|224|95.47
113|225|95.73
113|231|99.87
113|232|64.96
113|248|90.58
113|271|92.08
113|272|80.81
114|118|63.37
114|124|59.18
114|127|70.94
114|136|52.60
114|152|15.62
114|159|82.64
114|168|50.91
114|180|93.65
114|195|90.84
114|198|94.45
114|201|62.07
114|205|76.75
114|206|73.72
114|234|77.67
114|235|98.74
114|236|83.58
114|252|68.62
114|257|23.07
114|269|31.05
114|270|68.11
114|283|91.68
114|286|84.63
114|293|74.43
115|141|83.58
115|149|89.62
115|154|44.95
115|165|87.45
115|178|92.60
115|181|63.82
115|184|59.85
115|211|99.28
115|253|61.19
115|259|96.92
115|261|63.34
115|262|77.46
115|274|64.37
115|277|72.94
115|295|8.10
115|299|98.71
116|124|85.24
116|133|40.69
116|146|43.74
116|150|34.62
116|155|63.70
116|164|42.48
116|168|98.75
116|174|62.88
116|195|96.86
116|198|69.28
116|203|26.00
116|207|52.07
116|212|18.50
116|213|16.88
116|215|52.50
116|227|57.21
116|233|98.32
116|236|65.68
116|252|76.55
116|255|64.92
116|290|51.12
117|123|95.57
117|132|64.67
117|162|67.12
117|173|67.75
117|177|81.43
117|186|11.95
117|188|89.77
117|204|85.91
117|224|90.28
117|225|60.66
117|266|83.76
117|271|89.22
117|272|73.80
117|276|44.13
118|124|59.68
118|146|90.04
118|152|77.41
118|157|92.68
118|168|39.01
118|192|91.49
118|195|36.40
118|215|99.96
118|218|73.73
118|222|83.49
118|227|72.24
118|228|49.36
118|236|60.81
118|240|79.26
118|252|59.24
118|257|78.26
118|265|41.20
118|269|34.46
118|293|31.42
118|294|87.27
119|122|65.82
119|128|69.71
119|129|49.02
119|131|90.86
119|137|87.79
119|138|39.61
119|141|48.89
119|148|20.87
119|158|71.03
119|181|80.22
119|184|92.04
119|185|58.49
119|193|71.78
119|196|52.51
119|209|55.44
119|211|28.69
119|231|78.13
119|247|98.37
119|248|35.17
119|251|41.37
119|261|68.44
119|277|76.00
119|299|37.60
120|125|77.40
120|127|79.38
120|128|82.08
120|136|74.08
120|137|97.20
120|149|67.49
120|154|94.62
120|159|36.52
120|180|65.48
120|181|89.01
120|183|82.41
120|199|21.84
120|201|53.80
120|202|72.64
120|205|39.25
120|206|63.28
120|231|86.23
120|234|84.83
120|235|88.61
120|241|44.27
120|247|85.52
120|257|96.96
120|259|88.97
120|270|90.39
120|273|21.70
120|274|80.23
120|277|85.01
120|278|24.38
120|283|49.81
120|286|59.79
120|289|32.76
121|126|90.30
121|131|88.85
121|137|92.65
121|139|95.44
121|156|9.83
121|162|92.17
121|167|16.60
121|169|67.54
121|172|59.78
121|175|54.49
121|177|73.85
121|179|51.70
121|180|71.42
121|202|63.37
121|204|67.55
121|210|39.70
121|217|96.47
121|224|79.31
121|226|63.80
121|235|51.28
121|243|90.93
121|247|85.80
121|266|69.24
121|271|83.26
121|283|86.99
122|123|83.94
122|128|73.49
122|129|17.31
122|131|47.63
122|134|46.26
122|137|57.79
122|138|61.72
122|141|94.17
122|148|75.63
122|158|23.03
122|169|64.20
122|175|76.53
122|179|98.03
122|185|95.56
122|193|88.40
122|196|54.75
122|211|78.87
122|214|77.76
122|224|90.67
122|231|65.09
122|232|94.21
122|247|71.70
122|248|86.52
122|251|96.10
122|271|88.47
123|132|50.45
123|134|41.56
123|158|72.10
123|162|73.64
123|177|88.90
123|179|98.42
123|204|97.19
123|214|18.74
123|224|72.23
123|225|35.82
123|232|21.14
123|266|98.49
123|271|67.99
123|272|21.77
123|276|55.93
124|136|96.22
124|146|41.97
124|152|73.21
124|155|80.45
124|168|20.94
124|195|59.36
124|198|47.81
124|212|95.52
124|213|68.93
124|215|88.39
124|227|58.05
124|228|80.10
124|233|94.95
124|236|28.34
124|252|10.96
124|257|82.25
124|265|88.39
124|269|42.01
124|270|94.88
124|282|99.03
124|290|78.27
124|293|89.18
125|127|32.83
125|136|53.43
125|144|54.89
125|149|74.80
125|152|93.14
125|159|80.77
125|160|92.82
125|176|62.46
125|183|27.70
125|187|87.50
125|199|98.02
125|201|71.91
125|205|64.55
125|206|34.48
125|220|67.90
125|230|86.21
125|234|27.81
125|237|67.08
125|241|37.31
125|250|79.80
125|257|99.30
125|259|73.35
125|263|63.44
125|264|93.59
125|270|38.71
125|273|61.30
125|278|94.55
125|286|26.15
125|289|93.07
125|298|83.53
126|139|9.05
126|156|91.46
126|161|86.43
126|162|82.07
126|172|52.45
126|173|47.46
126|177|71.52
126|179|86.09
126|182|87.41
126|186|95.08
126|188|44.02
126|204|65.12
126|210|70.32
126|217|26.67
126|224|94.10
126|243|43.72
126|266|62.34
126|271|97.42
126|287|64.61
127|136|23.41
127|144|85.82
127|152|61.08
127|159|67.37
127|176|71.72
127|183|60.38
127|201|50.92
127|205|50.70
127|206|16.26
127|220|98.15
127|230|99.05
127|234|9.11
127|237|99.69
127|241|54.36
127|257|68.37
127|263|67.63
127|269|98.59
127|270|11.12
127|273|71.25
127|278|88.66
127|282|94.57
127|283|91.16
127|286|21.72
128|129|63.19
128|131|52.59
128|137|37.72
128|138|30.10
128|141|48.33
128|148|90.54
128|158|94.61
128|169|70.09
128|175|80.02
128|180|99.45
128|181|59.57
128|199|60.27
128|202|69.85
128|211|51.51
128|231|18.34
128|247|39.42
128|273|96.06
128|277|50.42
128|278|77.42
128|283|94.77
128|289|67.40
128|299|93.93
129|131|51.63
129|134|60.73
129|137|56.88
129|138|46.46
129|141|77.82
129|148|60.70
129|158|32.26
129|169|71.63
129|175|84.62
129|185|85.19
129|193|82.58
129|196|49.22
129|209|93.04
129|211|61.81
129|214|92.44
129|231|58.79
129|247|70.58
129|248|72.74
129|251|81.99
129|277|98.38
129|299|86.62
130|144|78.33
130|149|93.33
130|151|94.77
130|160|45.89
130|165|31.91
130|166|78.82
130|178|35.04
130|183|98.52
130|187|82.10
130|189|33.14
130|191|34.79
130|220|71.45
130|237|59.60
130|250|46.22
130|253|73.46
130|258|58.22
130|259|69.90
130|262|53.18
130|264|91.22
130|268|25.95
130|274|95.58
130|292|42.62
130|298|81.33
131|134|83.45
131|137|17.07
131|138|63.23
131|141|94.67
131|156|80.40
131|158|69.83
131|167|87.57
131|169|22.11
131|175|35.04
131|177|96.73
131|179|72.07
131|180|97.00
131|199|94.63
131|202|59.80
131|204|98.52
131|210|87.16
131|211|88.41
131|224|79.02
131|231|35.31
131|235|98.34
131|247|28.00
131|271|79.08
131|278|97.70
132|134|76.86
132|162|23.90
132|169|93.74
132|175|92.48
132|177|41.44
132|179|60.55
132|186|73.47
132|204|49.73
132|210|73.43
132|214|68.32
132|224|33.50
132|225|38.33
132|232|69.85
132|266|50.29
132|271|30.45
132|272|35.97
132|276|22.52
133|146|80.37
133|150|23.00
133|164|42.22
133|174|88.17
133|203|22.63
133|207|27.23
133|212|48.30
133|213|52.24
133|215|49.52
133|227|73.43
133|236|94.09
133|255|28.16
133|290|90.00
134|137|97.99
134|158|30.72
134|162|94.81
134|169|91.17
134|193|89.50
134|196|64.37
134|214|31.72
134|224|82.45
134|225|76.45
134|232|48.19
134|271|78.69
134|272|61.53
134|276|90.76
135|142|53.68
135|153|50.87
135|161|77.51
135|163|13.51
135|182|68.84
135|190|53.64
135|192|75.01
135|194|12.13
135|221|48.67
135|223|60.99
135|245|36.36
135|249|74.51
135|275|64.10
135|279|30.43
135|280|71.53
135|287|90.24
135|294|79.11
135|297|60.28
136|152|40.23
136|159|52.10
136|168|96.92
136|176|93.65
136|180|84.15
136|183|79.61
136|199|94.94
136|201|31.72
136|205|37.61
136|206|21.15
136|234|32.36
136|241|63.09
136|257|45.88
136|263|88.43
136|269|82.63
136|270|28.08
136|273|72.60
136|278|76.91
136|283|73.36
136|286|32.06
137|138|54.60
137|141|83.20
137|156|85.31
137|158|80.78
137|167|88.28
137|169|32.43
137|175|43.09
137|179|84.66
137|180|87.69
137|181|97.28
137|199|77.96
137|202|51.13
137|210|97.65
137|211|80.11
137|224|94.61
137|231|19.52
137|235|92.80
137|247|13.96
137|271|94.99
137|277|88.12
137|278|82.96
137|283|89.42
137|289|94.13
138|141|33.65
138|148|60.46
138|158|78.40
138|169|84.69
138|175|96.77
138|181|59.53
138|185|97.47
138|196|80.06
138|199|87.70
138|202|97.51
138|209|94.83
138|211|25.53
138|231|40.65
138|247|62.46
138|248|74.79
138|251|80.52
138|261|82.12
138|277|51.92
138|289|89.32
138|299|66.31
139|153|93.51
139|156|97.35
139|161|77.39
139|162|91.07
139|172|52.12
139|173|49.31
139|177|80.55
139|179|94.44
139|182|80.46
139|188|41.60
139|204|74.06
139|210|78.08
139|217|19.06
139|226|99.47
139|243|37.92
139|266|71.32
139|287|55.56
140|185|79.24
140|193|74.80
140|209|88.45
141|148|66.30
141|154|82.52
141|181|31.43
141|184|78.87
141|199|87.46
141|209|94.17
141|211|20.30
141|231|65.44
141|247|87.47
141|248|78.14
141|251|80.02
141|261|54.41
141|274|91.84
141|277|27.38
141|289|79.46
141|295|91.03
141|299|53.54
142|153|82.30
142|163|45.49
142|182|61.90
142|190|69.88
142|192|21.85
142|194|51.86
142|200|84.05
142|218|88.14
142|221|18.69
142|222|63.71
142|223|33.15
142|226|99.78
142|240|91.20
142|245|47.74
142|249|36.95
142|265|91.78
142|275|46.28
142|279|25.09
142|280|32.96
142|293|88.21
142|294|25.64
142|297|11.04
143|147|7.91
143|151|33.26
143|166|79.05
143|258|60.40
143|267|85.92
143|291|15.30
143|292|81.54
143|296|44.38
144|149|76.86
144|160|38.71
144|165|81.47
144|166|69.54
144|176|61.64
144|178|69.57
144|183|35.06
144|187|38.71
144|189|51.49
144|206|89.34
144|216|97.58
144|220|13.41
144|230|67.96
144|234|78.44
144|237|21.32
144|241|73.12
144|244|96.31
144|250|34.07
144|253|92.00
144|259|57.80
144|262|77.57
144|263|70.36
144|264|48.19
144|267|84.40
144|268|56.80
144|270|88.14
144|273|95.99
144|274|98.05
144|286|80.29
144|292|75.22
144|298|34.57
145|157|29.71
145|171|20.30
145|195|91.43
145|200|48.01
145|207|91.48
145|215|82.43
145|218|53.12
145|219|7.92
145|227|95.77
145|228|71.99
145|239|28.80
145|240|47.16
145|249|92.86
145|265|81.66
145|275|97.99
145|281|54.19
146|150|78.35
146|155|54.62
146|164|84.14
146|168|57.93
146|174|82.99
146|195|71.58
146|198|37.05
146|203|69.68
146|207|80.08
146|212|53.70
146|213|28.36
146|215|63.23
146|227|43.30
146|228|87.68
146|233|82.23
146|236|29.77
146|252|34.51
146|269|82.45
146|282|96.84
146|290|46.87
147|151|26.99
147|166|72.32
147|258|58.33
147|267|78.11
147|291|16.99
147|292|77.78
147|296|38.92
148|158|74.52
148|181|96.73
148|184|91.24
148|185|38.11
148|193|54.82
148|196|44.56
148|209|35.22
148|211|47.11
148|231|98.29
148|248|14.44
148|251|21.99
148|261|70.92
148|277|93.67
148|299|34.45
149|154|45.07
149|159|99.27
149|160|90.85
149|165|68.29
149|178|59.19
149|181|79.00
149|183|55.58
149|189|93.65
149|199|73.27
149|205|92.68
149|206|90.64
149|220|85.89
149|234|99.55
149|237|65.03
149|241|47.74
149|250|66.18
149|253|37.60
149|259|25.34
149|262|45.21
149|268|70.45
149|273|48.76
149|274|25.54
149|277|82.35
149|278|91.59
149|286|80.36
149|289|50.92
149|295|88.21
150|155|87.79
150|164|19.31
150|174|66.66
150|203|8.82
150|207|49.17
150|212|32.72
150|213|50.77
150|215|66.35
150|227|83.80
150|236|98.48
150|255|33.87
150|290|75.66
151|160|82.93
151|166|45.86
151|187|80.46
151|189|79.53
151|191|91.45
151|254|90.29
151|258|39.91
151|264|77.86
151|267|57.27
151|291|43.23
151|292|53.66
151|296|48.40
151|298|84.08
152|159|67.11
152|168|66.39
152|180|80.67
152|201|46.45
152|205|61.23
152|206|61.22
152|234|68.80
152|235|88.29
152|236|98.60
152|252|83.12
152|257|11.94
152|269|46.39
152|270|60.43
152|278|93.36
152|283|77.30
152|286|72.08
152|293|84.62
153|161|27.14
153|163|44.99
153|182|48.43
153|194|63.00
153|208|98.99
153|217|77.35
153|221|66.32
153|223|65.48
153|243|71.57
153|245|34.93
153|279|70.23
153|280|78.68
153|287|40.43
153|297|92.70
154|165|68.53
154|178|67.35
154|181|51.96
154|183|99.64
154|184|97.74
154|199|89.72
154|237|97.94
154|241|90.38
154|250|93.41
154|253|27.59
154|259|56.98
154|261|91.18
154|262|48.65
154|268|86.21
154|273|82.81
154|274|19.56
154|277|59.37
154|289|64.98
154|295|44.66
155|164|80.86
155|174|46.51
155|198|34.13
155|203|82.15
155|212|55.29
155|213|62.07
155|216|81.35
155|227|96.74
155|229|56.64
155|233|34.69
155|236|82.50
155|244|95.90
155|252|79.34
155|256|60.96
155|263|97.86
155|282|57.87
155|284|73.42
155|288|91.27
155|290|12.63
156|162|84.91
156|167|21.90
156|169|58.75
156|172|66.21
156|175|45.63
156|177|67.03
156|179|43.00
156|180|74.19
156|202|60.94
156|204|61.37
156|210|33.56
156|224|70.66
156|226|73.56
156|235|55.95
156|243|96.44
156|247|79.48
156|266|63.39
156|271|74.51
156|283|89.09
157|171|40.70
157|195|62.09
157|200|56.31
157|207|77.60
157|215|60.83
157|218|36.87
157|219|35.71
157|227|67.96
157|228|43.54
157|236|92.45
157|239|58.51
157|240|32.80
157|249|91.05
157|265|57.28
157|281|83.19
158|169|84.29
158|175|95.80
158|185|85.01
158|193|72.42
158|196|40.97
158|209|99.29
158|211|90.67
158|214|61.74
158|224|97.61
158|231|87.66
158|232|78.02
158|247|94.67
158|248|82.26
158|251|92.05
158|271|94.61
158|272|91.24
159|167|95.25
159|180|40.28
159|183|96.57
159|199|51.04
159|201|22.33
159|202|65.42
159|205|16.92
159|206|52.40
159|234|75.49
159|235|62.42
159|241|61.51
159|247|93.05
159|257|62.04
159|270|76.66
159|273|50.55
159|278|26.60
159|283|25.07
159|286|55.67
159|289|69.01
160|165|62.05
160|166|46.90
160|176|91.63
160|178|54.19
160|183|69.22
160|187|37.09
160|189|13.79
160|191|74.65
160|220|28.00
160|230|87.26
160|237|29.43
160|250|24.73
160|253|89.83
160|258|63.02
160|259|66.00
160|262|69.98
160|264|47.18
160|267|73.55
160|268|34.64
160|292|37.26
160|298|35.78
161|163|72.13
161|170|75.91
161|172|98.37
161|182|61.67
161|188|78.75
161|194|89.62
161|208|81.91
161|217|64.90
161|221|90.27
161|223|86.02
161|238|95.35
161|243|66.52
161|245|59.72
161|279|97.13
161|280|98.60
161|285|94.99
161|287|22.23
162|169|88.21
162|173|84.95
162|175|83.69
162|177|18.82
162|179|44.35
162|186|72.66
162|204|26.67
162|210|52.77
162|214|90.85
162|224|23.97
162|225|60.48
162|232|93.54
162|266|26.76
162|271|24.13
162|272|59.81
162|276|36.88
163|182|55.72
163|190|62.86
163|192|67.32
163|194|22.40
163|221|37.06
163|222|96.03
163|223|47.98
163|243|97.07
163|245|23.45
163|249|72.12
163|275|65.95
163|279|26.45
163|280|59.10
163|287|82.08
163|294|71.09
163|297|53.82
164|174|51.22
164|203|23.93
164|207|68.41
164|212|31.26
164|213|59.30
164|215|83.87
164|227|97.68
164|255|45.98
164|284|82.49
164|290|69.88
165|178|12.83
165|183|89.98
165|187|98.54
165|189|53.97
165|191|57.98
165|220|79.71
165|237|60.16
165|250|47.98
165|253|42.32
165|258|90.11
165|259|49.18
165|262|23.76
165|268|27.62
165|274|65.56
165|292|72.65
165|295|80.70
165|298|96.55
166|176|93.46
166|178|98.93
166|187|34.61
166|189|50.56
166|191|92.90
166|220|56.35
166|230|75.62
166|237|72.25
166|244|92.91
166|246|90.12
166|250|71.31
166|254|75.32
166|258|51.92
166|264|32.82
166|267|31.32
166|268|78.90
166|291|87.35
166|292|40.22
166|296|78.27
166|298|38.30
167|169|68.01
167|172|70.28
167|175|55.80
167|177|88.90
167|179|64.41
167|180|54.97
167|202|51.31
167|204|83.08
167|210|55.17
167|224|91.96
167|226|62.52
167|235|34.75
167|247|79.34
167|266|84.97
167|271|95.68
167|278|91.91
167|283|70.71
168|195|46.31
168|198|68.75
168|213|81.91
168|215|90.79
168|227|59.29
168|228|67.06
168|236|34.05
168|252|23.60
168|257|73.08
168|265|71.24
168|269|25.20
168|290|98.32
168|293|68.24
169|175|13.12
169|177|79.15
169|179|52.25
169|180|87.46
169|202|51.96
169|204|79.77
169|210|65.76
169|224|64.49
169|231|51.79
169|235|84.08
169|247|35.11
169|266|83.09
169|271|65.55
169|278|97.67
169|283|94.81
170|173|90.48
170|188|74.26
170|197|50.80
170|208|42.69
170|238|19.82
170|242|82.19
170|285|46.31
170|287|81.80
171|195|97.02
171|200|29.34
171|215|99.42
171|218|48.34
171|219|13.73
171|228|76.31
171|239|29.35
171|240|42.35
171|249|75.99
171|265|80.33
171|275|78.74
171|281|57.23
172|173|99.91
172|177|90.19
172|179|86.95
172|182|62.52
172|188|93.55
172|204|81.83
172|210|66.92
172|217|43.55
172|221|99.19
172|222|76.72
172|223|82.26
172|226|47.65
172|235|95.73
172|243|32.04
172|245|94.97
172|266|80.91
172|280|83.02
172|287|78.31
173|177|84.82
173|186|58.38
173|188|22.20
173|204|82.60
173|217|66.03
173|238|93.83
173|243|86.19
173|266|79.25
173|276|92.00
173|287|84.16
174|198|78.29
174|203|65.63
174|212|44.96
174|213|72.79
174|229|62.95
174|233|69.57
174|255|97.18
174|256|62.10
174|282|95.16
174|284|39.28
174|290|42.37
175|177|72.32
175|179|43.72
175|180|81.35
175|202|48.55
175|204|71.74
175|210|54.69
175|224|60.90
175|231|61.73
175|235|75.01
175|247|42.30
175|266|74.98
175|271|62.77
175|278|97.16
175|283|90.60
176|183|70.91
176|187|62.62
176|206|85.16
176|216|40.65
176|220|65.30
176|229|95.16
176|230|27.59
176|233|75.14
176|234|62.80
176|237|82.96
176|241|99.11
176|244|47.93
176|246|58.86
176|250|95.35
176|254|94.35
176|263|10.57
176|264|60.71
176|267|85.74
176|270|65.72
176|282|49.61
176|286|82.69
176|288|82.14
176|298|60.85
177|179|29.46
177|186|85.06
177|188|99.21
177|204|8.36
177|210|34.22
177|217|95.20
177|224|22.74
177|225|79.04
177|266|9.76
177|271|25.89
177|272|77.24
177|276|55.58
178|183|77.17
178|187|89.50
178|189|48.50
178|191|66.05
178|220|68.85
178|237|48.27
178|241|95.86
178|250|36.87
178|253|39.84
178|258|91.39
178|259|37.86
178|262|18.82
178|268|20.03
178|274|60.77
178|292|71.15
178|295|86.51
178|298|87.17
179|202|86.18
179|204|28.02
179|210|20.04
179|224|27.66
179|225|98.51
179|235|96.40
179|247|85.87
179|266|31.26
179|271|31.56
179|272|92.73
179|276|79.79
180|199|67.80
180|201|52.97
180|202|37.20
180|205|56.22
180|206|90.37
180|226|91.29
180|231|90.49
180|235|23.27
180|247|74.00
180|257|70.62
180|273|85.19
180|278|42.15
180|283|16.27
180|286|95.17
180|289|92.06
181|184|82.40
181|199|72.99
181|211|51.72
181|231|77.80
181|247|97.14
181|253|78.95
181|261|63.46
181|262|99.90
181|273|89.40
181|274|60.42
181|277|9.16
181|289|57.38
181|295|69.92
181|299|77.96
182|192|75.76
182|194|77.77
182|217|61.43
182|221|43.48
182|222|64.73
182|223|30.54
182|226|73.54
182|243|44.42
182|245|32.50
182|249|98.84
182|279|66.43
182|280|40.32
182|287|54.29
182|294|76.74
182|297|72.62
183|187|72.98
183|189|79.59
183|199|99.85
183|201|92.89
183|205|82.27
183|206|59.17
183|220|48.32
183|230|88.21
183|234|55.44
183|237|41.25
183|241|38.25
183|250|53.13
183|253|83.43
183|259|47.81
183|262|76.62
183|263|75.72
183|264|81.44
183|268|73.05
183|270|66.29
183|273|61.95
183|274|80.57
183|286|48.90
183|289|88.01
183|298|68.80
184|209|89.68
184|211|82.57
184|248|90.92
184|251|83.96
184|261|25.45
184|277|88.40
184|295|66.25
184|299|56.92
185|193|26.60
185|196|44.25
185|209|21.30
185|211|85.11
185|248|25.85
185|251|27.70
185|261|96.14
185|299|60.81
186|188|80.02
186|204|88.54
186|224|96.43
186|225|72.44
186|266|86.06
186|271|95.82
186|272|85.31
186|276|54.24
187|189|48.96
187|216|84.55
187|220|27.40
187|230|51.82
187|237|49.09
187|244|76.33
187|246|78.16
187|250|54.32
187|254|82.16
187|258|78.93
187|259|91.21
187|263|73.19
187|264|11.01
187|267|45.81
187|268|70.92
187|292|58.01
187|298|4.18
188|204|95.48
188|217|53.69
188|238|81.42
188|243|73.63
188|266|92.17
188|287|63.38
189|191|60.86
189|220|41.61
189|237|38.44
189|250|29.16
189|253|86.92
189|258|53.84
189|259|68.32
189|262|66.15
189|264|58.19
189|267|80.06
189|268|28.55
189|292|28.48
189|298|48.27
190|192|81.84
190|194|41.60
190|200|78.53
190|221|79.32
190|223|96.27
190|245|85.21
190|249|60.46
190|275|37.78
190|279|50.70
190|294|86.18
190|297|67.45
191|237|93.51
191|250|80.43
191|253|99.53
191|258|51.66
191|262|81.70
191|268|60.71
191|292|52.78
192|194|71.92
192|200|73.89
192|218|69.59
192|221|36.78
192|222|56.05
192|223|45.22
192|226|96.34
192|228|91.33
192|240|73.42
192|245|67.95
192|249|30.70
192|265|70.16
192|275|49.75
192|279|45.24
192|280|38.17
192|293|68.87
192|294|4.48
192|297|15.73
193|196|33.78
193|209|47.91
193|248|47.27
193|251|52.37
193|299|84.16
194|221|51.21
194|223|65.71
194|245|45.80
194|249|66.82
194|275|53.91
194|279|26.85
194|280|74.75
194|294|76.25
194|297|56.45
195|198|99.58
195|200|97.32
195|207|92.85
195|213|81.72
195|215|64.50
195|218|56.40
195|219|96.40
195|227|40.24
195|228|20.93
195|236|43.21
195|240|60.11
195|252|52.47
195|265|32.82
195|269|59.83
195|293|62.26
195|294|98.84
196|209|60.37
196|211|80.08
196|214|88.88
196|248|46.79
196|251|56.02
196|299|79.00
197|208|24.53
197|238|51.74
197|242|34.73
197|285|11.01
198|203|93.74
198|212|70.01
198|213|59.19
198|216|88.51
198|227|79.13
198|229|83.90
198|233|49.05
198|236|56.97
198|252|48.96
198|256|89.56
198|263|90.65
198|269|87.47
198|270|97.03
198|282|60.17
198|290|36.10
199|201|71.59
199|202|63.06
199|205|58.55
199|206|85.08
199|231|65.36
199|235|89.28
199|241|62.83
199|247|67.45
199|259|97.45
199|273|38.06
199|274|79.12
199|277|67.59
199|278|27.62
199|283|54.74
199|286|81.56
199|289|25.07
200|218|41.11
200|219|42.76
200|228|76.80
200|239|55.47
200|240|37.28
200|249|47.10
200|265|72.17
200|275|50.00
200|279|89.17
200|281|81.63
200|294|75.15
200|297|73.30
201|202|84.40
201|205|15.64
201|206|38.72
201|234|59.81
201|235|71.27
201|241|63.70
201|257|43.59
201|269|92.66
201|270|58.61
201|273|61.38
201|278|48.82
201|283|41.65
201|286|45.79
201|289|86.36
202|205|82.22
202|210|88.69
202|231|57.16
202|235|42.93
202|247|37.91
202|273|94.33
202|278|49.88
202|283|42.85
202|289|87.45
203|207|45.94
203|212|26.91
203|213|41.97
203|215|59.95
203|227|75.60
203|236|89.68
203|255|40.31
203|290|69.77
204|210|27.92
204|217|88.01
204|224|29.21
204|225|87.12
204|243|97.08
204|266|3.35
204|271|32.83
204|272|85.58
204|276|63.01
205|206|35.50
205|234|58.67
205|235|77.37
205|241|49.97
205|257|59.14
205|270|60.34
205|273|45.76
205|278|39.37
205|283|41.74
205|286|39.01
205|289|71.38
206|234|23.30
206|241|43.07
206|257|65.91
206|259|97.60
206|263|82.14
206|270|27.13
206|273|56.59
206|278|72.61
206|283|76.86
206|286|10.92
206|289|89.31
207|212|66.28
207|213|55.81
207|215|28.41
207|219|99.33
207|227|58.51
207|228|91.09
207|236|84.86
207|255|48.30
208|238|52.94
208|242|57.98
208|285|13.56
208|287|97.31
209|211|77.62
209|248|21.01
209|251|14.51
209|261|77.64
209|299|44.92
210|217|86.83
210|224|43.69
210|226|93.28
210|235|89.51
210|243|90.02
210|247|96.38
210|266|29.83
210|271|47.92
210|276|89.65
211|231|65.25
211|247|87.42
211|248|59.90
211|251|63.15
211|261|57.13
211|277|47.31
211|289|96.79
211|299|42.43
212|213|32.34
212|215|70.57
212|227|74.98
212|229|99.75
212|233|89.57
212|236|79.74
212|252|88.11
212|255|66.52
212|284|83.80
212|290|43.01
213|215|47.10
213|227|43.29
213|228|92.62
213|233|95.41
213|236|48.82
213|252|59.91
213|255|78.77
213|290|50.35
214|224|86.52
214|225|53.03
214|232|16.48
214|271|82.29
214|272|40.04
214|276|74.65
215|218|88.06
215|219|90.25
215|227|31.50
215|228|64.32
215|236|60.14
215|240|87.01
215|252|77.43
215|255|75.10
215|265|87.04
215|290|97.43
216|220|97.54
216|229|55.62
216|230|32.78
216|233|46.66
216|234|96.77
216|244|18.18
216|246|29.85
216|254|74.27
216|256|61.28
216|260|81.13
216|263|38.85
216|264|77.58
216|267|86.03
216|270|96.30
216|282|28.56
216|288|43.76
216|290|93.98
216|298|84.68
217|223|90.90
217|226|88.22
217|243|20.25
217|245|87.43
217|266|85.60
217|280|97.68
217|287|42.71
218|219|54.04
218|227|82.40
218|228|36.32
218|236|97.75
218|239|76.61
218|240|6.11
218|249|58.23
218|265|32.56
218|275|74.71
218|293|77.59
218|294|68.31
218|297|77.54
219|228|76.43
219|239|23.75
219|240|47.95
219|249|88.82
219|265|84.21
219|275|92.41
219|281|50.82
220|230|66.01
220|234|90.46
220|237|22.99
220|241|86.18
220|244|93.77
220|246|98.36
220|250|31.98
220|253|96.37
220|258|88.06
220|259|64.49
220|262|79.79
220|263|74.99
220|264|37.85
220|267|73.10
220|268|53.08
220|270|99.77
220|286|93.52
220|292|63.06
220|298|23.52
221|222|60.01
221|223|17.13
221|226|90.50
221|243|87.34
221|245|31.40
221|249|55.57
221|275|62.37
221|279|28.83
221|280|23.57
221|287|91.39
221|293|95.04
221|294|39.34
221|297|29.68
222|223|48.82
222|226|41.46
222|243|86.46
222|245|81.75
222|249|86.56
222|265|89.13
222|279|86.54
222|280|36.93
222|293|52.07
222|294|52.95
222|297|67.08
223|226|74.72
223|243|72.39
223|245|33.36
223|249|69.50
223|275|78.79
223|279|45.61
223|280|13.26
223|287|83.10
223|293|91.28
223|294|46.28
223|297|43.21
224|225|70.99
224|232|93.34
224|247|99.56
224|266|31.79
224|271|4.25
224|272|65.13
224|276|54.29
225|232|45.49
225|266|87.20
225|271|67.43
225|272|15.04
225|276|28.20
226|235|69.72
226|243|71.01
226|280|67.73
226|293|80.76
226|294|93.66
227|228|49.33
227|236|29.79
227|240|83.58
227|252|47.19
227|265|69.95
227|269|82.50
227|290|87.26
228|236|61.46
228|240|39.52
228|249|89.53
228|252|72.69
228|265|22.73
228|269|78.31
228|293|67.26
228|294|88.55
229|230|86.47
229|233|39.02
229|244|60.11
229|246|60.94
229|254|93.53
229|256|7.01
229|260|64.75
229|263|90.77
229|282|54.36
229|284|53.25
229|288|39.05
229|290|66.54
230|233|78.39
230|234|90.04
230|237|87.79
230|244|28.38
230|246|35.92
230|250|97.99
230|254|66.87
230|256|91.36
230|260|93.90
230|263|34.87
230|264|45.41
230|267|61.40
230|270|93.30
230|282|56.12
230|288|63.33
230|298|51.91
231|247|22.31
231|277|68.65
231|278|76.29
231|283|88.66
231|289|78.10
232|271|89.10
232|272|35.99
232|276|71.04
233|244|61.58
233|246|69.47
233|252|97.65
233|256|45.76
233|260|97.98
233|263|67.34
233|282|25.62
233|284|80.55
233|288|62.89
233|290|47.32
234|237|93.37
234|241|55.42
234|257|76.67
234|263|59.09
234|270|10.90
234|273|74.69
234|278|95.78
234|282|88.00
234|283|99.62
234|286|25.27
235|247|80.33
235|257|76.84
235|278|64.90
235|283|39.49
236|252|17.42
236|265|75.85
236|269|59.14
236|290|76.08
236|293|92.22
237|241|74.87
237|250|13.54
237|253|73.39
237|258|91.73
237|259|42.14
237|262|57.29
237|263|91.63
237|264|59.97
237|267|93.65
237|268|36.22
237|273|94.52
237|274|82.84
237|286|90.11
237|292|65.96
237|298|45.60
238|242|77.11
238|285|51.45
238|287|99.71
239|240|70.51
239|281|27.96
240|249|59.69
240|265|38.20
240|275|74.61
240|281|98.35
240|293|83.69
240|294|72.42
240|297|80.42
241|250|83.90
241|253|84.93
241|259|58.43
241|262|87.64
241|268|98.98
241|270|64.70
241|273|24.90
241|274|71.27
241|278|65.82
241|283|84.44
241|286|33.23
241|289|55.76
242|285|44.79
243|245|73.81
243|266|95.18
243|280|78.21
243|287|46.29
244|246|12.35
244|254|56.16
244|256|64.32
244|260|68.91
244|263|49.88
244|264|67.76
244|267|70.20
244|282|46.50
244|288|35.29
244|298|77.31
245|249|81.98
245|275|81.79
245|279|40.43
245|280|46.46
245|287|64.26
245|294|70.70
245|297|58.41
246|254|44.66
246|256|63.97
246|260|58.31
246|263|61.70
246|264|68.55
246|267|64.48
246|282|57.32
246|288|28.90
246|298|79.76
247|277|88.06
247|278|69.84
247|283|75.47
247|289|85.93
248|251|9.80
248|261|73.62
248|299|36.92
249|265|72.99
249|275|23.22
249|279|45.68
249|280|66.09
249|293|89.75
249|294|33.62
249|297|26.31
250|253|67.24
250|258|82.95
250|259|41.27
250|262|48.89
250|264|65.31
250|267|96.16
250|268|22.80
250|274|80.32
250|292|57.62
250|298|51.49
251|261|68.57
251|299|33.20
252|257|91.64
252|265|83.27
252|269|47.95
252|290|75.48
252|293|90.02
253|259|36.16
253|262|21.07
253|268|58.64
253|273|85.26
253|274|24.22
253|277|85.76
253|289|77.92
253|295|57.35
254|256|93.70
254|260|51.48
254|264|71.19
254|267|44.01
254|288|54.49
254|296|74.75
254|298|85.54
256|260|61.26
256|263|97.18
256|282|61.31
256|284|48.22
256|288|39.72
256|290|70.10
257|269|50.63
257|270|69.23
257|278|87.44
257|283|68.87
257|286|76.46
257|293|80.89
258|264|81.84
258|267|78.90
258|268|75.22
258|291|74.91
258|292|25.80
258|296|88.17
258|298|81.12
259|262|30.22
259|268|45.77
259|273|68.28
259|274|40.77
259|286|86.71
259|289|76.03
259|292|96.20
259|295|93.45
259|298|87.64
260|267|94.94
260|284|90.00
260|288|38.35
261|277|67.84
261|295|71.15
261|299|36.95
262|268|37.70
262|273|93.69
262|274|42.45
262|289|92.91
262|292|89.86
262|295|72.19
263|264|71.16
263|267|94.99
263|270|60.35
263|282|41.74
263|286|81.01
263|288|82.18
263|298|71.39
264|267|36.50
264|268|81.44
264|288|96.98
264|292|63.34
264|298|14.40
265|269|75.00
265|275|94.32
265|280|99.11
265|293|48.94
265|294|67.04
265|297|83.09
266|271|35.25
266|272|86.24
266|276|62.46
267|288|87.61
267|291|89.07
267|292|71.30
267|296|67.69
267|298|49.88
268|274|77.38
268|292|52.92
268|298|68.95
269|270|93.74
269|293|54.53
270|273|82.31
270|278|98.93
270|282|84.40
270|283|99.75
270|286|32.64
271|272|61.17
271|276|51.85
272|276|35.27
273|274|65.92
273|277|87.54
273|278|45.69
273|283|69.05
273|286|49.74
273|289|33.23
274|277|65.85
274|289|54.11
274|295|63.52
275|279|41.45
275|280|79.03
275|294|53.56
275|297|38.90
277|278|94.51
277|289|54.66
277|295|79.08
277|299|78.03
278|283|27.63
278|286|72.62
278|289|50.39
279|280|51.70
279|294|49.50
279|297|30.04
280|287|94.29
280|293|78.05
280|294|38.07
280|297|40.81
282|288|62.12
282|290|70.17
283|286|80.69
283|289|78.02
284|288|84.46
284|290|74.86
286|289|82.93
291|292|94.77
291|296|35.42
292|298|59.40
293|294|64.40
293|297|84.58
294|297|20.18